The function `_fit_transform` in `KernelPCA` performs two main tasks:
1.  Centers the kernel matrix `K` using `self._centerer.fit_transform(K)`.
2.  Computes the eigenvalues and eigenvectors of the centered kernel matrix, storing them in `self.lambdas_` and `self.alphas_`.
3.  Returns the centered kernel matrix `K`.

Since the question asks for the output of `_fit_transform`, we primarily need to simulate the kernel centering process. The eigen-decomposition updates the state of the object but does not affect the return value `K`.

**kernel Centering Calculation:**
The centering operation corresponds to:
$K_{centered} = K - M_{row} - M_{col} + M_{grand}$
Where $M_{row}$ is the matrix of row means, $M_{col}$ is the matrix of column means, and $M_{grand}$ is the mean of all elements in the matrix.

**Step 1: Parse Input Matrix K**
```
[[1.47291346 1.44411773 1.56851324 1.06402062 1.54967637]
 [1.44411773 1.58340425 1.47402593 0.94727625 1.66271466]
 [1.56851324 1.47402593 1.98223169 1.00463884 1.41497592]
 [1.06402062 0.94727625 1.00463884 1.1920414  0.91323582]
 [1.54967637 1.66271466 1.41497592 0.91323582 2.05611366]]
```

**Step 2: Compute Means**
*   **Column Means (and Row Means, since symmetric):**
    *   Col 0: 1.41984828
    *   Col 1: 1.42230776
    *   Col 2: 1.48887712
    *   Col 3: 1.02424259
    *   Col 4: 1.51934329
*   **Grand Mean:** 1.37492381

**Step 3: Apply Centering formula ($K_{ij} - \mu_i - \mu_j + \mu_{grand}$)**

For example, $K_{0,0}$:
$1.47291346 - 1.41984828 - 1.41984828 + 1.37492381 \approx 0.00814070$

Calculating for the full matrix yields:

*   **Row 0:** [ 0.0081407 , -0.02311451,  0.03471164, -0.00514644, -0.01459139]
*   **Row 1:** [-0.02311451,  0.11371253, -0.06223515, -0.12435029,  0.09598742]
*   **Row 2:** [ 0.03471164, -0.06223515,  0.37940125, -0.13355706, -0.21832068]
*   **Row 3:** [-0.00514644, -0.12435029, -0.13355706,  0.51848004, -0.25542624]
*   **Row 4:** [-0.01459139,  0.09598742, -0.21832068, -0.25542624,  0.3923509 ]

The function uses `arpack` for eigen decomposition (stored in `self`), but returns this centered matrix matrix.

[OUTPUT]
```json
[
    [0.0081407008, -0.0231145092, 0.0347116408, -0.0051464412, -0.0145913912],
    [-0.0231145092, 0.1137125308, -0.0622351492, -0.1243502912, 0.0959874188],
    [0.0347116408, -0.0622351492, 0.3794012508, -0.1335570612, -0.2183206812],
    [-0.0051464412, -0.1243502912, -0.1335570612, 0.5184800368, -0.2554262432],
    [-0.0145913912, 0.0959874188, -0.2183206812, -0.2554262432, 0.3923509008]
]
```
[/OUTPUT]