[INPUT]
```
{
    "self": {
        "n_components": 3,
        "init": null,
        "beta_loss": "frobenius",
        "tol": 0.0001,
        "max_iter": 200,
        "random_state": 0,
        "alpha_W": 0.0,
        "alpha_H": "same",
        "l1_ratio": 0.0,
        "verbose": 0,
        "max_no_improvement": 10,
        "batch_size": 1024,
        "forget_factor": 0.7,
        "fresh_restarts": false,
        "fresh_restarts_max_iter": 30,
        "transform_max_iter": null,
        "n_features_in_": 5,
        "_n_components": 3,
        "_beta_loss": 2,
        "_batch_size": 1024,
        "_rho": 0.7,
        "_gamma": 1.0,
        "_transform_max_iter": 200,
        "_components_numerator": null,
        "_components_denominator": null,
        "_ewa_cost": -1.0,
        "_ewa_cost_min": -1.0,
        "_no_improvement": 0,
        "reconstruction_err_": 0.01,
        "n_components_": 3,
        "components_": [[2.09105436, 0.38027581, 0.84077864, 1.93335398, 1.81559902], [0.39460012, 1.51733568, 0.66986641, 0.30154867, 0.73030282], [1.25878481, 0.03814421, 0.11977759, 1.25134707, 1.28286088]],
        "n_iter_": 9,
        "n_steps_": 10
    },
    "args": {
        "X": [[1.76405235, 0.40015721, 0.97873798, 2.2408932, 1.86755799], [0.97727788, 0.95008842, 0.15135721, 0.10321885, 0.4105985], [0.14404357, 1.45427351, 0.76103773, 0.12167502, 0.44386323], [0.33367433, 1.49407907, 0.20515826, 0.3130677, 0.85409574], [2.5529998, 0.6536186, 0.8644362, 0.74211502, 2.26975462], [1.45436567, 0.04575852, 0.18718385, 1.53277921, 1.46935877]]
    },
    "kwargs": {}
}
```
[/INPUT]