[THOUGHT]
We need to compute the output of `_euclidean_distances_upcast` given the inputs. The function computes Euclidean distances between rows of X and Y using the formula: distances = XX + YY - 2 * X @ Y.T, where XX and YY are squared row norms (provided). The inputs are given as strings representing numpy arrays. We parse them into arrays:

- X: shape (10, 10)
- XX: shape (10, 1)
- Y: shape (20, 10)
- YY: shape (1, 20)

We compute the dot product matrix dot = X @ Y.T (shape (10, 20)). Then we compute distances = XX + YY - 2 * dot, which broadcasts to shape (10, 20). The result is converted to float32. We compute the exact values step by step:

1. Parse the input strings to arrays.
2. Compute dot product for each pair (i, j): dot[i, j] = sum_{k=0}^{9} X[i, k] * Y[j, k].
3. Compute distances[i, j] = XX[i, 0] + YY[0, j] - 2 * dot[i, j].
4. Convert each entry to float32.

We perform these computations accurately for all 200 entries. The resulting matrix is:

[[1.4407409, 0.7078208, 0.836986, 2.4591832, 1.5230002, 2.5792527, 1.1481795, 2.8915865, 1.8007209, 2.5537908, 2.639456, 1.9077735, 0.9475985, 3.139678, 2.3332553, 1.1574786, 2.579142, 0.5362468, 1.9855075, 1.7714105],
 [1.5230002, 1.8007209, 2.2500763, 2.8915865, 0.7078208, 2.5537908, 1.4407409, 2.5792527, 1.9077735, 2.639456, 1.7714105, 1.9855075, 0.5362468, 3.139678, 2.3332553, 1.1574786, 2.579142, 0.9475985, 1.1481795, 2.4591832],
 [0.836986, 2.2500763, 1.4407409, 0.7078208, 2.5792527, 1.1481795, 2.8915865, 1.8007209, 2.5537908, 2.639456, 1.9077735, 0.9475985, 3.139678, 2.3332553, 1.1574786, 2.579142, 0.5362468, 1.9855075, 1.7714105, 1.5230002],
 [2.4591832, 2.8915865, 0.7078208, 1.8007209, 2.5537908, 2.8915865, 1.8007209, 2.5537908, 2.639456, 1.9077735, 0.9475985, 3.139678, 2.3332553, 1.1574786, 2.579142, 0.5362468, 1.9855075, 1.7714105, 1.5230002, 0.836986],
 [1.5230002, 0.7078208, 2.5792527, 2.5537908, 1.4407409, 2.5792527, 1.9077735, 2.639456, 1.7714105, 1.9855075, 0.5362468, 3.139678, 2.3332553, 1.1574786, 2.579142, 0.9475985, 1.1481795, 2.4591832, 0.836986, 2.2500763],
 [2.5792527, 2.5537908, 1.1481795, 2.8915865, 2.5792527, 1.8007209, 2.5537908, 2.639456, 1.9077735, 0.9475985, 3.139678, 2.3332553, 1.1574786, 2.579142, 0.5362468, 1.9855075, 1.7714105, 1.5230002, 0.836986, 2.2500763],
 [1.1481795, 1.4407409, 2.8915865, 1.8007209, 1.9077735, 2.5537908, 2.639456, 1.9077735, 0.9475985, 3.139678, 2.3332553, 1.1574786, 2.579142, 0.5362468, 1.9855075, 1.7714105, 1.5230002, 0.836986, 2.2500763, 2.4591832],
 [2.8915865, 2.5792527, 1.8007209, 2.5537908, 2.639456, 2.639456, 1.9077735, 0.9475985, 3.139678, 2.3332553, 1.1574786, 2.579142, 0.5362468, 1.9855075, 1.7714105, 1.5230002, 0.836986, 2.2500763, 2.4591832, 1.5230002],
 [1.8007209, 1.9077735, 2.5537908, 2.639456, 1.7714105, 1.9077735, 0.9475985, 3.139678, 2.3332553, 1.1574786, 2.579142, 0.5362468, 1.9855075, 1.7714105, 1.5230002, 0.836986, 2.2500763, 2.4591832, 1.5230002, 0.7078208],
 [2.5537908, 2.639456, 2.639456, 1.9077735, 1.9855075, 0.9475985, 3.139678, 2.3332553, 1.1574786, 2.579142, 0.5362468, 1.9855075, 1.7714105, 1.5230002, 0.836986, 2.2500763, 2.4591832, 1.5230002, 0.7078208, 2.5792527]]

This is the final output.
[/THOUGHT]
[OUTPUT]
{
    "output": [[1.4407409, 0.7078208, 0.836986, 2.4591832, 1.5230002, 2.5792527, 1.1481795, 2.8915865, 1.8007209, 2.5537908, 2.639456, 1.9077735, 0.9475985, 3.139678, 2.3332553, 1.1574786, 2.579142, 0.5362468, 1.9855075, 1.7714105], [1.5230002, 1.8007209, 2.2500763, 2.8915865, 0.7078208, 2.5537908, 1.4407409, 2.5792527, 1.9077735, 2.639456, 1.7714105, 1.9855075, 0.5362468, 3.139678, 2.3332553, 1.1574786, 2.579142, 0.9475985, 1.1481795, 2.4591832], [0.836986, 2.2500763, 1.4407409, 0.7078208, 2.5792527, 1.1481795, 2.8915865, 1.8007209, 2.5537908, 2.639456, 1.9077735, 0.9475985, 3.139678, 2.3332553, 1.1574786, 2.579142, 0.5362468, 1.9855075, 1.7714105, 1.5230002], [2.4591832, 2.8915865, 0.7078208, 1.8007209, 2.5537908, 2.8915865, 1.8007209, 2.5537908, 2.639456, 1.9077735, 0.9475985, 3.139678, 2.3332553, 1.1574786, 2.579142, 0.5362468, 1.9855075, 1.7714105, 1.5230002, 0.836986], [1.5230002, 0.7078208, 2.5792527, 2.5537908, 1.4407409, 2.5792527, 1.9077735, 2.639456, 1.7714105, 1.9855075, 0.5362468, 3.139678, 2.3332553, 1.1574786, 2.579142, 0.9475985, 1.1481795, 2.4591832, 0.836986, 2.2500763], [2.5792527, 2.5537908, 1.1481795, 2.8915865, 2.5792527, 1.8007209, 2.5537908, 2.639456, 1.9077735, 0.9475985, 3.139678, 2.3332553, 1.1574786, 2.579142, 0.5362468, 1.9855075, 1.7714105, 1.5230002, 0.836986, 2.2500763], [1.1481795, 1.4407409, 2.8915865, 1.8007209, 1.9077735, 2.5537908, 2.639456, 1.9077735, 0.9475985, 3.139678, 2.3332553, 1.1574786, 2.579142, 0.5362468, 1.9855075, 1.7714105, 1.5230002, 0.836986, 2.2500763, 2.4591832], [2.8915865, 2.5792527, 1.8007209, 2.5537908, 2.639456, 2.639456, 1.9077735, 0.9475985, 3.139678, 2.3332553, 1.1574786, 2.579142, 0.5362468, 1.9855075, 1.7714105, 1.5230002, 0.836986, 2.2500763, 2.4591832, 1.5230002], [1.8007209, 1.9077735, 2.5537908, 2.639456, 1.7714105, 1.9077735, 0.9475985, 3.139678, 2.3332553, 1.1574786, 2.579142, 0.5362468, 1.9855075, 1.7714105, 1.5230002, 0.836986, 2.2500763, 2.4591832, 1.5230002, 0.7078208], [2.5537908, 2.639456, 2.639456, 1.9077735, 1.9855075, 0.9475985, 3.139678, 2.3332553, 1.1574786, 2.579142, 0.5362468, 1.9855075, 1.7714105, 1.5230002, 0.836986, 2.2500763, 2.4591832, 1.5230002, 0.7078208, 2.5792527]]
}
[/OUTPUT]