[THOUGHT]
We need to find the input K that _fit_transform received, given the function's behavior and the returned (output) matrix.

1. _fit_transform starts by doing K = self._centerer.fit_transform(K). The provided output is the value returned by _fit_transform, so it is the centered K after KernelCenterer.fit_transform.
2. KernelCenterer.fit_transform centers K via K_centered = H K H where H = I - 1/n 11^T. A matrix that is already centered (rows and columns sum to zero) is unchanged by this operator (i.e., H K H = K).
3. Check the provided matrix: summing each row gives (within rounding) zero, so the matrix is already centered. Therefore the original (input) K can be the same as the provided output matrix.
4. The other fields in self can be the typical defaults from KernelPCA.__init__ and are consistent with the code path (n_components=None leads to n_components=K.shape[0]=5 and eigen_solver='auto' => 'dense' for a 5x5 matrix). So I set the attributes to their defaults: n_components null, kernel 'linear', kernel_params null, gamma null, degree 3, coef0 1, alpha 1.0, fit_inverse_transform false, eigen_solver 'auto', remove_zero_eig false, tol 0, max_iter null, random_state null, n_jobs null, copy_X true. _centerer is left as an empty dict as in the structure.

Therefore the input K is the same 5x5 numeric matrix shown in the output.
[/THOUGHT]

[INPUT]
```
{
    "self": {
        "n_components": null,
        "kernel": "linear",
        "kernel_params": null,
        "gamma": null,
        "degree": 3,
        "coef0": 1,
        "alpha": 1.0,
        "fit_inverse_transform": false,
        "eigen_solver": "auto",
        "remove_zero_eig": false,
        "tol": 0,
        "max_iter": null,
        "random_state": null,
        "n_jobs": null,
        "copy_X": true,
        "_centerer": {}
    },
    "args": {
        "K": [
            [0.0081407, -0.02311451, 0.03471164, -0.00514644, -0.01459139],
            [-0.02311451, 0.11371252, -0.06223515, -0.12435029, 0.09598742],
            [0.03471164, -0.06223515, 0.37940125, -0.13355706, -0.21832068],
            [-0.00514644, -0.12435029, -0.13355706, 0.51848003, -0.25542624],
            [-0.01459139, 0.09598742, -0.21832068, -0.25542624, 0.39235089]
        ]
    },
    "kwargs": {}
}
```
