[THOUGHT]
We need to follow KernelPCA._fit_transform. The first step is K = self._centerer.fit_transform(K), i.e. center the kernel matrix. For a kernel matrix K, centering is done elementwise by:

Kc_ij = K_ij - mean_row_i - mean_col_j + total_mean

For a symmetric kernel, mean_row_i == mean_col_i. I compute the row means and total mean, then compute each centered element.

Given K:
[[1.47291346, 1.44411773, 1.56851324, 1.06402062, 1.54967637],
 [1.44411773, 1.58340425, 1.47402593, 0.94727625, 1.66271466],
 [1.56851324, 1.47402593, 1.98223169, 1.00463884, 1.41497592],
 [1.06402062, 0.94727625, 1.00463884, 1.1920414 , 0.91323582],
 [1.54967637, 1.66271466, 1.41497592, 0.91323582, 2.05611366]]

Row means:
m1 = 7.09924142 / 5 = 1.419848284
m2 = 7.11153882 / 5 = 1.422307764
m3 = 7.44438562 / 5 = 1.488877124
m4 = 5.12121293 / 5 = 1.024242586
m5 = 7.59671643 / 5 = 1.519343286

Total mean = (m1 + m2 + m3 + m4 + m5) / 5 = 1.3749238088

Compute centered matrix entries Kc_ij = K_ij - m_i - m_j + total_mean. Doing that yields the centered kernel matrix:

[[ 0.0081407008, -0.0231145092,  0.0347116408, -0.0051464412, -0.0145913912],
 [-0.0231145092,  0.1137125308, -0.0622351492, -0.1243502912,  0.0959874188],
 [ 0.0347116408, -0.0622351492,  0.3794012508, -0.1335570612, -0.2183206812],
 [-0.0051464412, -0.1243502912, -0.1335570612,  0.5184800368, -0.2554262432],
 [-0.0145913912,  0.0959874188, -0.2183206812, -0.2554262432,  0.3923508968]]

This centered K is what _fit_transform returns (the method later computes eigenvalues/vectors and modifies self in-place, but returns the centered K).
[/THOUGHT]
[OUTPUT]
```
{
    "return": [
        [0.0081407008, -0.0231145092, 0.0347116408, -0.0051464412, -0.0145913912],
        [-0.0231145092, 0.1137125308, -0.0622351492, -0.1243502912, 0.0959874188],
        [0.0347116408, -0.0622351492, 0.3794012508, -0.1335570612, -0.2183206812],
        [-0.0051464412, -0.1243502912, -0.1335570612, 0.5184800368, -0.2554262432],
        [-0.0145913912, 0.0959874188, -0.2183206812, -0.2554262432, 0.3923508968]
    ]
}
```
[/OUTPUT]