Let's reason through this step by step.

[THOUGHT]
I need to determine the input K to the `_fit_transform` method given its output, which is a 5x5 matrix. Looking at the `_fit_transform` method:

1. First, it centers K: `K = self._centerer.fit_transform(K)`
2. Then it computes eigenvalues/eigenvectors depending on eigen_solver
3. It flips signs, sorts, and optionally removes zero eigenvalues
4. Finally, it returns the **centered** K (the one after step 1)

The output given is a 5x5 matrix. This must be the centered kernel matrix after `fit_transform`.

The key insight: The output is the **centered** kernel matrix. The input K is the **uncentered** kernel matrix. The centering operation is:
- K_centered = H * K * H, where H = I - (1/n) * 1 * 1^T (centering matrix)
- Or equivalently: K_centered = K - (1/n)*1*1^T*K - (1/n)*K*1*1^T + (1/n²)*1*1^T*K*1*1^T

Given K_centered, we can try to recover the original K. However, note that:
1. The centering operation is not invertible (it has rank n-1)
2. But for kernel matrices, we often have additional constraints

From the output matrix, I can see:
- It's 5x5, so n=5 samples
- It's symmetric (as expected for a kernel matrix)
- The row/column sums appear to be approximately zero (checking: each row sum ~ 0)

Looking at row 0: 0.0081407 + (-0.02311451) + 0.03471164 + (-0.00514644) + (-0.01459139) = 0.0000
This confirms it's already centered.

Given that the output is centered, and `_fit_transform` returns the centered version, the input K could be:
1. Already centered (in which case input = output)
2. Not centered (in which case we need to reverse the centering)

However, the centering operation subtracts row/column means. If the output has zero row/column sums, then any input K that differs by a constant shift in rows/columns would produce the same centered output.

But note: `KernelCenterer.fit_transform` first fits on the input K (computes row means), then transforms. If the input were already centered, the fit step would compute zero means, and transform would leave it unchanged.

Given no other information, the simplest assumption is that the input K is the same as the output (already centered kernel matrix). This is a valid kernel matrix (symmetric, appears PSD based on diagonal entries).

Let me verify if this matrix could be a valid centered kernel matrix:
- Diagonal entries: 0.0081, 0.1137, 0.3794, 0.5185, 0.3924 (all positive)
- The matrix looks like it could be a centered kernel matrix (Gram matrix)

Since we're only asked for the input to `_fit_transform`, and the output is the centered kernel matrix, and given that the centering operation is idempotent on already-centered matrices, the input K could reasonably be this same matrix.

The alternative would require solving K_centered = H*K*H for K, which has multiple solutions. Without additional constraints, the simplest solution is K = K_centered.

Thus, I'll use the output matrix as the input K.
[/THOUGHT]

[INPUT]
```
{
    "self": {
        "n_components": null,
        "kernel": "linear",
        "gamma": null,
        "degree": 3,
        "coef0": 1,
        "kernel_params": null,
        "alpha": 1.0,
        "fit_inverse_transform": false,
        "eigen_solver": "auto",
        "remove_zero_eig": false,
        "tol": 0,
        "max_iter": null,
        "random_state": null,
        "n_jobs": null,
        "copy_X": true,
        "_centerer": {
            "K_fit_rows_": null,
            "K_fit_all_": null
        }
    },
    "args": {
        "K": [
            [0.0081407, -0.02311451, 0.03471164, -0.00514644, -0.01459139],
            [-0.02311451, 0.11371252, -0.06223515, -0.12435029, 0.09598742],
            [0.03471164, -0.06223515, 0.37940125, -0.13355706, -0.21832068],
            [-0.00514644, -0.12435029, -0.13355706, 0.51848003, -0.25542624],
            [-0.01459139, 0.09598742, -0.21832068, -0.25542624, 0.39235089]
        ]
    },
    "kwargs": {}
}
```
[/INPUT]