```
{
    "n_components": 2,
    "whiten": false,
    "copy": true,
    "batch_size": 50,
    "components_": [[0.361387, -0.084523, 0.856671, 0.358289], [0.656589, 0.730161, -0.173373, -0.075481]],
    "n_samples_seen_": 150,
    "mean_": [5.84333, 3.054, 3.75867, 1.19867],
    "var_": [0.67686, 0.18694, 3.05882, 0.57386],
    "singular_values_": [25.001, 6.005],
    "explained_variance_": [4.195, 0.242],
    "explained_variance_ratio_": [0.927, 0.0534],
    "noise_variance_": 0.0509,
    "batch_size_": 50,
    "n_components_": 2
}
```