The `_fit_transform` method in `KernelPCA` performs the following steps:
1.  It centers the kernel matrix `K` using `self._centerer.fit_transform(K)`.
2.  It computes the eigenvalues and eigenvectors of the centered kernel matrix using the specified `eigen_solver` (here, 'arpack', calling `scipy.sparse.linalg.eigsh`).
3.  It processes the eigenvectors (sorting, flipping signs, removing zero eigenvalues).
4.  It returns the centered kernel matrix `K`.

Since the return value is the centered kernel matrix `K`, we need to calculate `K_centered`.

**Input Kernel Matrix K:**
```
[[1.47291346, 1.44411773, 1.56851324, 1.06402062, 1.54967637],
 [1.44411773, 1.58340425, 1.47402593, 0.94727625, 1.66271466],
 [1.56851324, 1.47402593, 1.98223169, 1.00463884, 1.41497592],
 [1.06402062, 0.94727625, 1.00463884, 1.1920414 , 0.91323582],
 [1.54967637, 1.66271466, 1.41497592, 0.91323582, 2.05611366]]
```

**Step 1: Calculate Row/Column Means and Grand Mean.**
N = 5.
Row Sums: `[7.09924142, 7.11153882, 7.44438562, 5.12121293, 7.59671643]`
Column Means (since symmetric, Row Means are the same):
`Mean_0 = 1.41984828`
`Mean_1 = 1.42230776`
`Mean_2 = 1.48887712`
`Mean_3 = 1.02424259`
`Mean_4 = 1.51934329`

Grand Mean (Mean of Means):
`Grand_Mean = 1.37492381`

**Step 2: Center the Matrix.**
Formula: $K_{new}[i, j] = K[i, j] - Mean[i] - Mean[j] + Grand\_Mean$

*   **Row 0:**
    *   (0,0): $1.47291346 - 1.41984828 - 1.41984828 + 1.37492381 = 0.00814071$
    *   (0,1): $1.44411773 - 1.41984828 - 1.42230776 + 1.37492381 = -0.02311450$
    *   (0,2): $1.56851324 - 1.41984828 - 1.48887712 + 1.37492381 = 0.03471165$
    *   (0,3): $1.06402062 - 1.41984828 - 1.02424259 + 1.37492381 = -0.00514644$
    *   (0,4): $1.54967637 - 1.41984828 - 1.51934329 + 1.37492381 = -0.01459139$

*   **Row 1:**
    *   (1,0): $-0.02311450$ (Symmetric)
    *   (1,1): $1.58340425 - 2(1.42230776) + 1.37492381 = 0.11371254$
    *   (1,2): $1.47402593 - 1.42230776 - 1.48887712 + 1.37492381 = -0.06223514$
    *   (1,3): $0.94727625 - 1.42230776 - 1.02424259 + 1.37492381 = -0.12435029$
    *   (1,4): $1.66271466 - 1.42230776 - 1.51934329 + 1.37492381 = 0.09598742$

*   **Row 2:**
    *   (2,0): $0.03471165$
    *   (2,1): $-0.06223514$
    *   (2,2): $1.98223169 - 2(1.48887712) + 1.37492381 = 0.37940126$
    *   (2,3): $1.00463884 - 1.48887712 - 1.02424259 + 1.37492381 = -0.13355706$
    *   (2,4): $1.41497592 - 1.48887712 - 1.51934329 + 1.37492381 = -0.21832068$

*   **Row 3:**
    *   (3,0): $-0.00514644$
    *   (3,1): $-0.12435029$
    *   (3,2): $-0.13355706$
    *   (3,3): $1.1920414 - 2(1.02424259) + 1.37492381 = 0.51848003$
    *   (3,4): $0.91323582 - 1.02424259 - 1.51934329 + 1.37492381 = -0.25542625$

*   **Row 4:**
    *   (4,0): $-0.01459139$
    *   (4,1): $0.09598742$
    *   (4,2): $-0.21832068$
    *   (4,3): $-0.25542625$
    *   (4,4): $2.05611366 - 2(1.51934329) + 1.37492381 = 0.39235089$

The function returns this centered matrix.

```json
{
    "output": "[[ 0.0081407  -0.02311451  0.03471164 -0.00514644 -0.01459139]\n [-0.02311451  0.11371253 -0.06223515 -0.12435029  0.09598742]\n [ 0.03471164 -0.06223515  0.37940125 -0.13355706 -0.21832068]\n [-0.00514644 -0.12435029 -0.13355706  0.51848004 -0.25542624]\n [-0.01459139  0.09598742 -0.21832068 -0.25542624  0.3923509 ]]"
}
```