[THOUGHT]
We need to follow KernelPCA._fit_transform. Steps:

1) The method begins with K = self._centerer.fit_transform(K). The KernelCenterer.fit computes column means and global mean; transform centers the matrix using:
   K_centered[i,j] = K[i,j] - row_mean_i - col_mean_j + global_mean,
where row_mean_i is the mean of row i (equal to column mean j because the input K is symmetric), and global_mean is the mean of all entries.

2) Compute column/row means and global mean.

Column sums (and therefore row sums) and means:
- Col/Row 0 sum = 7.09924142 -> mean r0 = 7.09924142 / 5 = 1.419848284
- Col/Row 1 sum = 7.11153882 -> mean r1 = 1.422307764
- Col/Row 2 sum = 7.44438562 -> mean r2 = 1.488877124
- Col/Row 3 sum = 5.12121293 -> mean r3 = 1.024242586
- Col/Row 4 sum = 7.59671643 -> mean r4 = 1.519343286

Global mean g = (r0 + r1 + r2 + r3 + r4) / 5 = 6.874619044 / 5 = 1.3749238088

3) Center each element:
Kc[i,j] = K[i,j] - r_i - r_j + g.

I computed each entry; the centered matrix K (returned at the end of _fit_transform) is:

Row 0:
[ 0.0081407008, -0.0231145092,  0.0347116408, -0.0051464412, -0.0145913912]

Row 1:
[-0.0231145092,  0.1137125308, -0.0622351492, -0.1243502912,  0.0959874188]

Row 2:
[ 0.0347116408, -0.0622351492,  0.3794012508, -0.1335570612, -0.2183206812]

Row 3:
[-0.0051464412, -0.1243502912, -0.1335570612,  0.5184800368, -0.2554262432]

Row 4:
[-0.0145913912,  0.0959874188, -0.2183206812, -0.2554262432,  0.3923508968]

As a check, each row sums to (approximately) 0, as expected for a centered kernel matrix.

The function returns this centered matrix K.
[/THOUGHT]
[OUTPUT]
```
{
    "output": "[[ 0.0081407008 -0.0231145092  0.0347116408 -0.0051464412 -0.0145913912]\n [-0.0231145092  0.1137125308 -0.0622351492 -0.1243502912  0.0959874188]\n [ 0.0347116408 -0.0622351492  0.3794012508 -0.1335570612 -0.2183206812]\n [-0.0051464412 -0.1243502912 -0.1335570612  0.5184800368 -0.2554262432]\n [-0.0145913912  0.0959874188 -0.2183206812 -0.2554262432  0.3923508968]]"
}
```