{
    "self": {
        "n_components": 3,
        "init": null,
        "beta_loss": "frobenius",
        "tol": 1e10,
        "max_iter": 200,
        "random_state": null,
        "alpha_W": 0.0,
        "alpha_H": "same",
        "l1_ratio": 0.0,
        "verbose": 0,
        "max_no_improvement": 10,
        "batch_size": 1024,
        "forget_factor": 0.7,
        "fresh_restarts": false,
        "fresh_restarts_max_iter": 30,
        "transform_max_iter": null,
        "n_features_in_": 3,
        "_n_components": 3,
        "_beta_loss": "frobenius",
        "_batch_size": 1024,
        "_rho": 1.0,
        "_gamma": 1.0,
        "_transform_max_iter": 200,
        "_components_numerator": [[0.0, 0.0, 0.0], [0.0, 0.0, 0.0], [0.0, 0.0, 0.0]],
        "_components_denominator": [[0.0, 0.0, 0.0], [0.0, 0.0, 0.0], [0.0, 0.0, 0.0]],
        "_ewa_cost": 0.0,
        "_ewa_cost_min": null,
        "_no_improvement": 0,
        "reconstruction_err_": 0.0,
        "n_components_": 3,
        "components_": [[1.0, 0.0, 0.0], [0.0, 1.0, 0.0], [0.0, 0.0, 1.0]],
        "n_iter_": 0,
        "n_steps_": 0
    },
    "args": {
        "X": [[0.63337877, 0.15616899, 0.03909429], [0.02561378, 0.96430515, 0.26791525], [0.49458581, 0.0282353, 0.95091203], [0.17819194, 0.40479293, 0.75042681], [0.81039239, 0.0330148, 0.08830687], [0.08542318, 0.66162133, 0.1733384]]
    },
    "kwargs": {}
}