```
{
    "n_components": 2,
    "whiten": false,
    "copy": true,
    "batch_size": 50,
    "components_": [[-0.41148448943401723, -0.34157791947615987, -0.3306991615797836, -0.24986470509839054],
                    [-0.376555158443559, -0.42581357520834835, -0.3451372035380583, 0.6848070051109522]],
    "n_samples_seen_": 150,
    "mean_": [5.843333333333333, 3.057333333333333, 3.7580000000000003, 1.1993333333333333],
    "var_": [0.684610728666602, 0.18948162028328095, 3.229896002186707, 0.38378724636170187],
    "singular_values_": [3.73266791, 0.80322505],
    "explained_variance_": [13.93183158, 0.64589849],
    "explained_variance_ratio_": [0.4764735, 0.02205183],
    "noise_variance_": 1.52108944,
    "batch_size_": 50,
    "n_components_": 2
}
```
[/OUTPUT]