[OUTPUT]
```
{
    "output": [[0.0081407008, -0.0231145092, 0.0347116408, -0.0051464412, -0.0145913912], [-0.0231145092, 0.1137125308, -0.0622351492, -0.1243502912, 0.0959874188], [0.0347116408, -0.0622351492, 0.3794012508, -0.1335570612, -0.2183206812], [-0.0051464412, -0.1243502912, -0.1335570612, 0.5184800368, -0.2554262432], [-0.0145913912, 0.0959874188, -0.2183206812, -0.2554262432, 0.3923508968]]
}
```
[/OUTPUT]