{"types": {}, "values": {"inputs": {"self": {"penalty": "deprecated", "C": 1.0, "l1_ratio": 0.0, "dual": false, "tol": 0.0001, "fit_intercept": true, "intercept_scaling": 1, "class_weight": null, "random_state": 16930041, "solver": "lbfgs", "max_iter": 100, "verbose": 0, "warm_start": false, "n_jobs": null, "n_features_in_": 4, "classes_": "array([0, 1, 2])", "n_iter_": "array([47], dtype=int32)", "coef_": "array([[-6.66965225e-02,  1.86893477e-01, -6.35348760e-01,\n        -2.46909427e-01],\n       [ 6.67692163e-02, -1.86792119e-01,  6.35451038e-01,\n         2.46967077e-01],\n       [-7.26937179e-05, -1.01357266e-04, -1.02277241e-04,\n        -5.76497346e-05]])", "intercept_": "array([ 6.06153499,  2.77345415, -8.83498915])"}, "args": {"X": "array([[7.7, 2.6, 6.9, 2.3],\n       [5.8, 2.7, 5.1, 1.9],\n       [6.1, 3. , 4.9, 1.8],\n       [5.2, 3.4, 1.4, 0.2],\n       [6.7, 3.1, 4.7, 1.5],\n       [4.4, 3. , 1.3, 0.2],\n       [6.8, 3. , 5.5, 2.1],\n       [6.4, 2.8, 5.6, 2.1],\n       [5.9, 3. , 5.1, 1.8],\n       [5.7, 3. , 4.2, 1.2],\n       [5. , 3. , 1.6, 0.2],\n       [7.7, 3. , 6.1, 2.3],\n       [5.7, 4.4, 1.5, 0.4],\n       [6.3, 2.7, 4.9, 1.8],\n       [5.6, 2.7, 4.2, 1.3],\n       [6. , 2.7, 5.1, 1.6],\n       [4.6, 3.4, 1.4, 0.3],\n       [6.7, 3.3, 5.7, 2.1],\n       [5. , 2. , 3.5, 1. ],\n       [6. , 2.9, 4.5, 1.5],\n       [7.7, 2.8, 6.7, 2. ],\n       [6.1, 3. , 4.6, 1.4],\n       [6.2, 2.8, 4.8, 1.8],\n       [6.8, 2.8, 4.8, 1.4],\n       [6.3, 3.4, 5.6, 2.4],\n       [4.8, 3.4, 1.9, 0.2],\n       [5.4, 3.7, 1.5, 0.2],\n       [5. , 3.6, 1.4, 0.2],\n       [4.9, 3. , 1.4, 0.2],\n       [5.1, 3.8, 1.9, 0.4],\n       [5.8, 2.7, 5.1, 1.9],\n       [6.9, 3.2, 5.7, 2.3],\n       [6.2, 2.9, 4.3, 1.3],\n       [5.7, 2.8, 4.1, 1.3],\n       [6.3, 2.5, 4.9, 1.5],\n       [6.5, 3. , 5.2, 2. ],\n       [4.8, 3. , 1.4, 0.3],\n       [7.1, 3. , 5.9, 2.1]])"}, "kwargs": {}}, "return": "array([[1.26368666e-03, 9.98736251e-01, 6.22274688e-08],\n       [1.99082122e-02, 9.80091543e-01, 2.44796275e-07],\n       [2.87233658e-02, 9.71276342e-01, 2.92703213e-07],\n       [8.79392544e-01, 1.20606885e-01, 5.71117349e-07],\n       [4.06487798e-02, 9.59350874e-01, 3.46051304e-07],\n       [8.88059215e-01, 1.11940232e-01, 5.53009938e-07],\n       [1.07189091e-02, 9.89280910e-01, 1.80421852e-07],\n       [9.25402192e-03, 9.90745810e-01, 1.67774478e-07],\n       [2.30140545e-02, 9.76985683e-01, 2.62769668e-07],\n       [9.26559448e-02, 9.07343547e-01, 5.08216846e-07],\n       [8.33376680e-01, 1.66622667e-01, 6.53518947e-07],\n       [4.04450503e-03, 9.95955384e-01, 1.11177410e-07],\n       [8.87732648e-01, 1.12266799e-01, 5.53491301e-07],\n       [2.50943200e-02, 9.74905406e-01, 2.74105476e-07],\n       [8.09301781e-02, 9.19069344e-01, 4.78053730e-07],\n       [2.24218102e-02, 9.77577930e-01, 2.59458665e-07],\n       [8.82610030e-01, 1.17389405e-01, 5.64509756e-07],\n       [9.43661223e-03, 9.90563218e-01, 1.69384935e-07],\n       [1.71710437e-01, 8.28288902e-01, 6.61255246e-07],\n       [5.27280015e-02, 9.47271607e-01, 3.91692802e-07],\n       [2.03464458e-03, 9.97965276e-01, 7.89315095e-08],\n       [5.01107447e-02, 9.49888873e-01, 3.82362470e-07],\n       [2.98315223e-02, 9.70168180e-01, 2.98136243e-07],\n       [3.34257043e-02, 9.66573981e-01, 3.14990891e-07],\n       [1.01106390e-02, 9.89889186e-01, 1.75273378e-07],\n       [8.02925146e-01, 1.97074156e-01, 6.97566972e-07],\n       [8.74902928e-01, 1.25096492e-01, 5.80115504e-07],\n       [8.89743161e-01, 1.10256290e-01, 5.49260282e-07],\n       [8.67295628e-01, 1.32703777e-01, 5.94995598e-07],\n       [8.04606374e-01, 1.95392930e-01, 6.95234909e-07],\n       [1.99082122e-02, 9.80091543e-01, 2.44796275e-07],\n       [8.02995638e-03, 9.91969887e-01, 1.56358353e-07],\n       [7.16113025e-02, 9.28388246e-01, 4.51912802e-07],\n       [9.29046910e-02, 9.07094800e-01, 5.08847690e-07],\n       [2.69546890e-02, 9.73045027e-01, 2.83829061e-07],\n       [1.70517798e-02, 9.82947993e-01, 2.26851735e-07],\n       [8.63092342e-01, 1.36907056e-01, 6.02880252e-07],\n       [6.22257954e-03, 9.93777283e-01, 1.37766280e-07]])"}, "name": "predict_proba"}
{"types": {}, "values": {"inputs": {"self": {"penalty": "deprecated", "C": 1.0, "l1_ratio": 0.0, "dual": false, "tol": 0.0001, "fit_intercept": true, "intercept_scaling": 1, "class_weight": null, "random_state": 1396341696, "solver": "lbfgs", "max_iter": 100, "verbose": 0, "warm_start": false, "n_jobs": null, "n_features_in_": 4, "classes_": "array([0, 1, 2])", "n_iter_": "array([35], dtype=int32)", "coef_": "array([[-0.08981974,  0.3218672 , -0.79819959, -0.35671575],\n       [ 0.24071045, -0.32599121,  0.17982539, -0.04041935],\n       [-0.15089071,  0.00412401,  0.6183742 ,  0.3971351 ]])", "intercept_": "array([ 2.33711302, -0.33040792, -2.0067051 ])"}, "args": {"X": "array([[7.7, 2.6, 6.9, 2.3],\n       [5.8, 2.7, 5.1, 1.9],\n       [6.1, 3. , 4.9, 1.8],\n       [5.2, 3.4, 1.4, 0.2],\n       [6.7, 3.1, 4.7, 1.5],\n       [4.4, 3. , 1.3, 0.2],\n       [6.8, 3. , 5.5, 2.1],\n       [6.4, 2.8, 5.6, 2.1],\n       [5.9, 3. , 5.1, 1.8],\n       [5.7, 3. , 4.2, 1.2],\n       [5. , 3. , 1.6, 0.2],\n       [7.7, 3. , 6.1, 2.3],\n       [5.7, 4.4, 1.5, 0.4],\n       [6.3, 2.7, 4.9, 1.8],\n       [5.6, 2.7, 4.2, 1.3],\n       [6. , 2.7, 5.1, 1.6],\n       [4.6, 3.4, 1.4, 0.3],\n       [6.7, 3.3, 5.7, 2.1],\n       [5. , 2. , 3.5, 1. ],\n       [6. , 2.9, 4.5, 1.5],\n       [7.7, 2.8, 6.7, 2. ],\n       [6.1, 3. , 4.6, 1.4],\n       [6.2, 2.8, 4.8, 1.8],\n       [6.8, 2.8, 4.8, 1.4],\n       [6.3, 3.4, 5.6, 2.4],\n       [4.8, 3.4, 1.9, 0.2],\n       [5.4, 3.7, 1.5, 0.2],\n       [5. , 3.6, 1.4, 0.2],\n       [4.9, 3. , 1.4, 0.2],\n       [5.1, 3.8, 1.9, 0.4],\n       [5.8, 2.7, 5.1, 1.9],\n       [6.9, 3.2, 5.7, 2.3],\n       [6.2, 2.9, 4.3, 1.3],\n       [5.7, 2.8, 4.1, 1.3],\n       [6.3, 2.5, 4.9, 1.5],\n       [6.5, 3. , 5.2, 2. ],\n       [4.8, 3. , 1.4, 0.3],\n       [7.1, 3. , 5.9, 2.1]])"}, "kwargs": {}}, "return": "array([[0.0015521 , 0.44970568, 0.54874222],\n       [0.02213458, 0.48607748, 0.49178794],\n       [0.03250828, 0.51712716, 0.45036455],\n       [0.82893966, 0.14858527, 0.02247507],\n       [0.04470289, 0.60781485, 0.34748226],\n       [0.84051307, 0.13590293, 0.023584  ],\n       [0.01256646, 0.4981494 , 0.48928415],\n       [0.01068542, 0.46587218, 0.5234424 ],\n       [0.02650819, 0.47998092, 0.49351089],\n       [0.09838726, 0.57197642, 0.32963631],\n       [0.76583795, 0.20247665, 0.03168541],\n       [0.00491402, 0.50245793, 0.49262805],\n       [0.8653503 , 0.1124619 , 0.0221878 ],\n       [0.0272517 , 0.56248996, 0.41025834],\n       [0.08299407, 0.5851626 , 0.33184333],\n       [0.02509857, 0.53552885, 0.43937258],\n       [0.84598543, 0.12835827, 0.0256563 ],\n       [0.01153714, 0.44302863, 0.54543423],\n       [0.1491061 , 0.6223204 , 0.2285735 ],\n       [0.05678271, 0.57344366, 0.36977363],\n       [0.00255952, 0.48723115, 0.51020932],\n       [0.05508916, 0.57583474, 0.3690761 ],\n       [0.03256505, 0.55272222, 0.41471274],\n       [0.0353143 , 0.64400315, 0.32068254],\n       [0.01197454, 0.37650636, 0.6115191 ],\n       [0.76189632, 0.19512152, 0.04298216],\n       [0.83199808, 0.14466096, 0.02334096],\n       [0.85240783, 0.12563728, 0.02195489],\n       [0.805346  , 0.16940088, 0.02525313],\n       [0.77567105, 0.18033488, 0.04399407],\n       [0.02213458, 0.48607748, 0.49178794],\n       [0.00964468, 0.44971824, 0.54063708],\n       [0.07409566, 0.61709719, 0.30880714],\n       [0.0949189 , 0.58793014, 0.31715095],\n       [0.02843809, 0.60769288, 0.36386903],\n       [0.01961521, 0.5087609 , 0.47162388],\n       [0.80381621, 0.1688386 , 0.02734519],\n       [0.00751302, 0.48632427, 0.50616271]])"}, "name": "predict_proba"}
{"types": {}, "values": {"inputs": {"self": {"penalty": "deprecated", "C": 1.0, "l1_ratio": 0.0, "dual": false, "tol": 0.0001, "fit_intercept": true, "intercept_scaling": 1, "class_weight": null, "random_state": 2143965275, "solver": "lbfgs", "max_iter": 100, "verbose": 0, "warm_start": false, "n_jobs": null, "n_features_in_": 4, "classes_": "array([0, 1, 2])", "n_iter_": "array([56], dtype=int32)", "coef_": "array([[ 0.00310815,  0.26124902, -0.60754317, -0.2581795 ],\n       [ 0.21950876, -0.49129034,  0.02821501, -0.06410793],\n       [-0.22261691,  0.23004132,  0.57932816,  0.32228742]])", "intercept_": "array([ 1.24408194,  0.12690227, -1.37098422])"}, "args": {"X": "array([[7.7, 2.6, 6.9, 2.3],\n       [5.8, 2.7, 5.1, 1.9],\n       [6.1, 3. , 4.9, 1.8],\n       [5.2, 3.4, 1.4, 0.2],\n       [6.7, 3.1, 4.7, 1.5],\n       [4.4, 3. , 1.3, 0.2],\n       [6.8, 3. , 5.5, 2.1],\n       [6.4, 2.8, 5.6, 2.1],\n       [5.9, 3. , 5.1, 1.8],\n       [5.7, 3. , 4.2, 1.2],\n       [5. , 3. , 1.6, 0.2],\n       [7.7, 3. , 6.1, 2.3],\n       [5.7, 4.4, 1.5, 0.4],\n       [6.3, 2.7, 4.9, 1.8],\n       [5.6, 2.7, 4.2, 1.3],\n       [6. , 2.7, 5.1, 1.6],\n       [4.6, 3.4, 1.4, 0.3],\n       [6.7, 3.3, 5.7, 2.1],\n       [5. , 2. , 3.5, 1. ],\n       [6. , 2.9, 4.5, 1.5],\n       [7.7, 2.8, 6.7, 2. ],\n       [6.1, 3. , 4.6, 1.4],\n       [6.2, 2.8, 4.8, 1.8],\n       [6.8, 2.8, 4.8, 1.4],\n       [6.3, 3.4, 5.6, 2.4],\n       [4.8, 3.4, 1.9, 0.2],\n       [5.4, 3.7, 1.5, 0.2],\n       [5. , 3.6, 1.4, 0.2],\n       [4.9, 3. , 1.4, 0.2],\n       [5.1, 3.8, 1.9, 0.4],\n       [5.8, 2.7, 5.1, 1.9],\n       [6.9, 3.2, 5.7, 2.3],\n       [6.2, 2.9, 4.3, 1.3],\n       [5.7, 2.8, 4.1, 1.3],\n       [6.3, 2.5, 4.9, 1.5],\n       [6.5, 3. , 5.2, 2. ],\n       [4.8, 3. , 1.4, 0.3],\n       [7.1, 3. , 5.9, 2.1]])"}, "kwargs": {}}, "return": "array([[0.00515031, 0.15832605, 0.83652364],\n       [0.03350724, 0.1865971 , 0.77989566],\n       [0.04732141, 0.19378566, 0.75889293],\n       [0.75876207, 0.14990979, 0.09132813],\n       [0.07222853, 0.25952117, 0.66825031],\n       [0.74607099, 0.15719478, 0.09673424],\n       [0.02402917, 0.17772102, 0.79824981],\n       [0.01976313, 0.16604988, 0.81418698],\n       [0.03741687, 0.1666312 , 0.79595193],\n       [0.11709042, 0.25081169, 0.63209789],\n       [0.68871161, 0.1999476 , 0.11134078],\n       [0.0130297 , 0.17825375, 0.80871655],\n       [0.80211515, 0.09217129, 0.10571355],\n       [0.04580311, 0.24547221, 0.70872468],\n       [0.1043272 , 0.27944822, 0.61622458],\n       [0.03971626, 0.21789417, 0.74238957],\n       [0.75587319, 0.13372506, 0.11040175],\n       [0.0199051 , 0.13053905, 0.84955585],\n       [0.16838137, 0.40553262, 0.42608601],\n       [0.0783671 , 0.24771606, 0.67391684],\n       [0.00769649, 0.16909857, 0.82320494],\n       [0.07670722, 0.24018984, 0.68310294],\n       [0.05108228, 0.23317742, 0.71574031],\n       [0.06447167, 0.31007049, 0.62545784],\n       [0.01793032, 0.09948642, 0.88258326],\n       [0.67228534, 0.16739347, 0.16032118],\n       [0.7670094 , 0.13455037, 0.09844023],\n       [0.77645454, 0.1263803 , 0.09716516],\n       [0.724323  , 0.18121396, 0.09446304],\n       [0.6888955 , 0.14081862, 0.17028589],\n       [0.03350724, 0.1865971 , 0.77989566],\n       [0.01830254, 0.14048277, 0.84121468],\n       [0.10451045, 0.29221221, 0.60327733],\n       [0.11771739, 0.2804462 , 0.60183641],\n       [0.05010233, 0.29447252, 0.65542516],\n       [0.03320942, 0.18655486, 0.78023573],\n       [0.71891193, 0.17945904, 0.10162904],\n       [0.01637048, 0.16660905, 0.81702047]])"}, "name": "predict_proba"}
{"types": {}, "values": {"inputs": {"self": {"penalty": "deprecated", "C": 1.0, "l1_ratio": 0.0, "dual": false, "tol": 0.0001, "fit_intercept": true, "intercept_scaling": 1, "class_weight": null, "random_state": 4693607, "solver": "lbfgs", "max_iter": 100, "verbose": 0, "warm_start": false, "n_jobs": null, "n_features_in_": 4, "classes_": "array([0, 1, 2])", "n_iter_": "array([48], dtype=int32)", "coef_": "array([[-0.03758804,  0.34188046, -0.63479738, -0.2487025 ],\n       [-0.17328901, -0.27196131, -0.14854795, -0.06439722],\n       [ 0.21087704, -0.06991914,  0.78334533,  0.31309972]])", "intercept_": "array([ 1.38401554,  2.52847535, -3.91249089])"}, "args": {"X": "array([[7.7, 2.6, 6.9, 2.3],\n       [5.8, 2.7, 5.1, 1.9],\n       [6.1, 3. , 4.9, 1.8],\n       [5.2, 3.4, 1.4, 0.2],\n       [6.7, 3.1, 4.7, 1.5],\n       [4.4, 3. , 1.3, 0.2],\n       [6.8, 3. , 5.5, 2.1],\n       [6.4, 2.8, 5.6, 2.1],\n       [5.9, 3. , 5.1, 1.8],\n       [5.7, 3. , 4.2, 1.2],\n       [5. , 3. , 1.6, 0.2],\n       [7.7, 3. , 6.1, 2.3],\n       [5.7, 4.4, 1.5, 0.4],\n       [6.3, 2.7, 4.9, 1.8],\n       [5.6, 2.7, 4.2, 1.3],\n       [6. , 2.7, 5.1, 1.6],\n       [4.6, 3.4, 1.4, 0.3],\n       [6.7, 3.3, 5.7, 2.1],\n       [5. , 2. , 3.5, 1. ],\n       [6. , 2.9, 4.5, 1.5],\n       [7.7, 2.8, 6.7, 2. ],\n       [6.1, 3. , 4.6, 1.4],\n       [6.2, 2.8, 4.8, 1.8],\n       [6.8, 2.8, 4.8, 1.4],\n       [6.3, 3.4, 5.6, 2.4],\n       [4.8, 3.4, 1.9, 0.2],\n       [5.4, 3.7, 1.5, 0.2],\n       [5. , 3.6, 1.4, 0.2],\n       [4.9, 3. , 1.4, 0.2],\n       [5.1, 3.8, 1.9, 0.4],\n       [5.8, 2.7, 5.1, 1.9],\n       [6.9, 3.2, 5.7, 2.3],\n       [6.2, 2.9, 4.3, 1.3],\n       [5.7, 2.8, 4.1, 1.3],\n       [6.3, 2.5, 4.9, 1.5],\n       [6.5, 3. , 5.2, 2. ],\n       [4.8, 3. , 1.4, 0.3],\n       [7.1, 3. , 5.9, 2.1]])"}, "kwargs": {}}, "return": "array([[0.00131019, 0.01284266, 0.98584714],\n       [0.02973363, 0.13732527, 0.8329411 ],\n       [0.04296488, 0.14116272, 0.81587241],\n       [0.69884426, 0.27555602, 0.02559972],\n       [0.05915844, 0.14466248, 0.79617908],\n       [0.63861146, 0.34176788, 0.01962066],\n       [0.01473703, 0.06229893, 0.92296404],\n       [0.01294491, 0.06857702, 0.91847806],\n       [0.03482513, 0.12957498, 0.83559989],\n       [0.1289028 , 0.28483543, 0.58626177],\n       [0.61524153, 0.35118205, 0.03357642],\n       [0.00472995, 0.02458104, 0.97068901],\n       [0.79830835, 0.17340878, 0.02828287],\n       [0.03646296, 0.1401677 , 0.82336934],\n       [0.11046284, 0.3029856 , 0.58655156],\n       [0.03319237, 0.14116957, 0.82563806],\n       [0.68069418, 0.29658305, 0.02272278],\n       [0.01305025, 0.05126741, 0.93568234],\n       [0.16696382, 0.51400187, 0.31903431],\n       [0.07688435, 0.21208678, 0.71102887],\n       [0.00222552, 0.01656475, 0.98120973],\n       [0.07380388, 0.19467756, 0.73151857],\n       [0.04379423, 0.15287274, 0.80333303],\n       [0.04762796, 0.1423631 , 0.81000894],\n       [0.01451157, 0.05698327, 0.92850516],\n       [0.62567656, 0.33215499, 0.04216846],\n       [0.7276352 , 0.24383581, 0.02852899],\n       [0.71919534, 0.25771849, 0.02308617],\n       [0.63894857, 0.33543695, 0.02561448],\n       [0.67448773, 0.27903457, 0.0464777 ],\n       [0.02973363, 0.13732527, 0.8329411 ],\n       [0.01074411, 0.0453183 , 0.94393759],\n       [0.10112373, 0.2374096 , 0.66146667],\n       [0.12567165, 0.30463046, 0.56969789],\n       [0.03871635, 0.15921911, 0.80206454],\n       [0.02460168, 0.09190914, 0.88348918],\n       [0.63154491, 0.34233155, 0.02612354],\n       [0.00800524, 0.03946705, 0.95252772]])"}, "name": "predict_proba"}
{"types": {}, "values": {"inputs": {"self": {"penalty": "deprecated", "C": 1.0, "l1_ratio": 0.0, "dual": false, "tol": 0.0001, "fit_intercept": true, "intercept_scaling": 1, "class_weight": null, "random_state": 1336260100, "solver": "lbfgs", "max_iter": 100, "verbose": 0, "warm_start": false, "n_jobs": null, "n_features_in_": 4, "classes_": "array([0, 1, 2])", "n_iter_": "array([41], dtype=int32)", "coef_": "array([[-1.60745281e-01,  1.84847247e-01, -5.62181928e-01,\n        -2.16912515e-01],\n       [ 1.61091874e-01, -1.84721663e-01,  5.62409487e-01,\n         2.16974341e-01],\n       [-3.46592567e-04, -1.25584266e-04, -2.27558781e-04,\n        -6.18267496e-05]])", "intercept_": "array([ 5.6482829 ,  2.21338884, -7.86167174])"}, "args": {"X": "array([[7.7, 2.6, 6.9, 2.3],\n       [5.8, 2.7, 5.1, 1.9],\n       [6.1, 3. , 4.9, 1.8],\n       [5.2, 3.4, 1.4, 0.2],\n       [6.7, 3.1, 4.7, 1.5],\n       [4.4, 3. , 1.3, 0.2],\n       [6.8, 3. , 5.5, 2.1],\n       [6.4, 2.8, 5.6, 2.1],\n       [5.9, 3. , 5.1, 1.8],\n       [5.7, 3. , 4.2, 1.2],\n       [5. , 3. , 1.6, 0.2],\n       [7.7, 3. , 6.1, 2.3],\n       [5.7, 4.4, 1.5, 0.4],\n       [6.3, 2.7, 4.9, 1.8],\n       [5.6, 2.7, 4.2, 1.3],\n       [6. , 2.7, 5.1, 1.6],\n       [4.6, 3.4, 1.4, 0.3],\n       [6.7, 3.3, 5.7, 2.1],\n       [5. , 2. , 3.5, 1. ],\n       [6. , 2.9, 4.5, 1.5],\n       [7.7, 2.8, 6.7, 2. ],\n       [6.1, 3. , 4.6, 1.4],\n       [6.2, 2.8, 4.8, 1.8],\n       [6.8, 2.8, 4.8, 1.4],\n       [6.3, 3.4, 5.6, 2.4],\n       [4.8, 3.4, 1.9, 0.2],\n       [5.4, 3.7, 1.5, 0.2],\n       [5. , 3.6, 1.4, 0.2],\n       [4.9, 3. , 1.4, 0.2],\n       [5.1, 3.8, 1.9, 0.4],\n       [5.8, 2.7, 5.1, 1.9],\n       [6.9, 3.2, 5.7, 2.3],\n       [6.2, 2.9, 4.3, 1.3],\n       [5.7, 2.8, 4.1, 1.3],\n       [6.3, 2.5, 4.9, 1.5],\n       [6.5, 3. , 5.2, 2. ],\n       [4.8, 3. , 1.4, 0.3],\n       [7.1, 3. , 5.9, 2.1]])"}, "kwargs": {}}, "return": "array([[1.06896630e-03, 9.98930788e-01, 2.45336388e-07],\n       [1.80973324e-02, 9.81901665e-01, 1.00243748e-06],\n       [2.38670186e-02, 9.76131834e-01, 1.14765337e-06],\n       [7.95215503e-01, 2.04781458e-01, 3.03947739e-06],\n       [2.89681453e-02, 9.71030594e-01, 1.26075963e-06],\n       [8.29028053e-01, 1.70969109e-01, 2.83715326e-06],\n       [8.65172027e-03, 9.91347584e-01, 6.95925175e-07],\n       [8.17111047e-03, 9.91828213e-01, 6.76626431e-07],\n       [2.03991480e-02, 9.79599789e-01, 1.06292661e-06],\n       [7.34528469e-02, 9.26545191e-01, 1.96251634e-06],\n       [7.40444218e-01, 2.59552480e-01, 3.30231259e-06],\n       [3.04109133e-03, 9.96958495e-01, 4.13477043e-07],\n       [7.96744253e-01, 2.03252718e-01, 3.02950205e-06],\n       [2.01077106e-02, 9.79891234e-01, 1.05537560e-06],\n       [6.55651996e-02, 9.34432938e-01, 1.86221371e-06],\n       [1.93044003e-02, 9.80694565e-01, 1.03461313e-06],\n       [8.18522233e-01, 1.81474864e-01, 2.90379602e-06],\n       [7.97709722e-03, 9.92022234e-01, 6.68420667e-07],\n       [1.41229711e-01, 8.58767667e-01, 2.62197305e-06],\n       [4.16515744e-02, 9.58346923e-01, 1.50257667e-06],\n       [1.64069128e-03, 9.98359005e-01, 3.03874624e-07],\n       [3.91593456e-02, 9.60839196e-01, 1.45868348e-06],\n       [2.40156779e-02, 9.75983171e-01, 1.15115714e-06],\n       [2.35617426e-02, 9.76437117e-01, 1.14017760e-06],\n       [9.23765323e-03, 9.90761628e-01, 7.18980339e-07],\n       [7.15672721e-01, 2.84323881e-01, 3.39774887e-06],\n       [7.84265571e-01, 2.15731332e-01, 3.09752518e-06],\n       [8.16817850e-01, 1.83179236e-01, 2.91367233e-06],\n       [7.86738853e-01, 2.13258061e-01, 3.08588452e-06],\n       [7.08393877e-01, 2.91602700e-01, 3.42256757e-06],\n       [1.80973324e-02, 9.81901665e-01, 1.00243748e-06],\n       [6.61832106e-03, 9.93381070e-01, 6.09191097e-07],\n       [5.27227769e-02, 9.47275542e-01, 1.68069690e-06],\n       [7.31239027e-02, 9.26874139e-01, 1.95858708e-06],\n       [2.12465122e-02, 9.78752404e-01, 1.08429009e-06],\n       [1.38709477e-02, 9.86128173e-01, 8.79091989e-07],\n       [7.84852848e-01, 2.15144056e-01, 3.09591472e-06],\n       [5.02798510e-03, 9.94971484e-01, 5.31341347e-07]])"}, "name": "predict_proba"}
