{"types": {}, "values": {"inputs": {"self": {"store_precision": true, "assume_centered": false, "n_features_in_": 10, "location_": "array([-1.44429466e-18,  2.54321451e-18, -2.25592546e-16, -4.85408596e-17,\n       -1.42859580e-17,  3.89881064e-17, -6.02836031e-18, -1.78809958e-17,\n        9.16813131e-17,  1.35176953e-17])", "covariance_": "array([[ 2.26244344e-03,  3.93070363e-04,  4.18743589e-04,\n         7.58885944e-04,  5.88372896e-04,  4.96025203e-04,\n        -1.70092703e-04,  4.61178506e-04,  6.12611406e-04,\n         6.82649339e-04],\n       [ 3.93070363e-04,  2.26244344e-03,  1.99460179e-04,\n         5.45272594e-04,  7.98118081e-05,  3.22708726e-04,\n        -8.57668844e-04,  7.51391613e-04,  3.39176779e-04,\n         4.70889629e-04],\n       [ 4.18743589e-04,  1.99460179e-04,  2.26244344e-03,\n         8.94594793e-04,  5.65107289e-04,  5.90882152e-04,\n        -8.29889091e-04,  9.36214031e-04,  1.00940393e-03,\n         8.79366502e-04],\n       [ 7.58885944e-04,  5.45272594e-04,  8.94594793e-04,\n         2.26244344e-03,  5.48561137e-04,  4.19792902e-04,\n        -4.04438080e-04,  5.82918673e-04,  8.90226491e-04,\n         8.83325844e-04],\n       [ 5.88372896e-04,  7.98118081e-05,  5.65107289e-04,\n         5.48561137e-04,  2.26244344e-03,  2.02864923e-03,\n         1.16559648e-04,  1.22671330e-03,  1.16629621e-03,\n         7.36915731e-04],\n       [ 4.96025203e-04,  3.22708726e-04,  5.90882152e-04,\n         4.19792902e-04,  2.02864923e-03,  2.26244344e-03,\n        -4.44468606e-04,  1.49279839e-03,  7.20263948e-04,\n         6.57466913e-04],\n       [-1.70092703e-04, -8.57668844e-04, -8.29889091e-04,\n        -4.04438080e-04,  1.16559648e-04, -4.44468606e-04,\n         2.26244344e-03, -1.67079803e-03, -9.01758582e-04,\n        -6.19224664e-04],\n       [ 4.61178506e-04,  7.51391613e-04,  9.36214031e-04,\n         5.82918673e-04,  1.22671330e-03,  1.49279839e-03,\n        -1.67079803e-03,  2.26244344e-03,  1.39787098e-03,\n         9.43918809e-04],\n       [ 6.12611406e-04,  3.39176779e-04,  1.00940393e-03,\n         8.90226491e-04,  1.16629621e-03,  7.20263948e-04,\n        -9.01758582e-04,  1.39787098e-03,  2.26244344e-03,\n         1.05128698e-03],\n       [ 6.82649339e-04,  4.70889629e-04,  8.79366502e-04,\n         8.83325844e-04,  7.36915731e-04,  6.57466913e-04,\n        -6.19224664e-04,  9.43918809e-04,  1.05128698e-03,\n         2.26244344e-03]])", "precision_": "array([[ 5.38049479e+02, -5.45712271e+01,  3.47883185e+00,\n        -1.12029342e+02,  6.91990654e+01, -1.27260655e+02,\n        -7.13063251e+01,  2.11772830e+01, -9.52920493e+01,\n        -7.82304822e+01],\n       [-5.45712271e+01,  5.64907389e+02,  8.76624749e+01,\n        -1.13782093e+02,  1.86967788e+02, -1.32323316e+02,\n         9.06137281e+01, -1.19624013e+02,  1.19959742e+01,\n        -4.40690362e+01],\n       [ 3.47883185e+00,  8.76624749e+01,  6.67171319e+02,\n        -1.58237199e+02,  2.86905555e+02, -3.18908273e+02,\n         7.61483454e+01,  3.71820346e+01, -2.42119140e+02,\n        -9.97717943e+01],\n       [-1.12029342e+02, -1.13782093e+02, -1.58237199e+02,\n         6.45067078e+02, -1.52650601e+02,  7.79262106e+01,\n         6.92748110e+01,  1.44477128e+02, -9.59663540e+01,\n        -1.02514593e+02],\n       [ 6.91990654e+01,  1.86967788e+02,  2.86905555e+02,\n        -1.52650601e+02,  2.61675095e+04, -2.04808113e+04,\n        -1.16155467e+04, -3.52171139e+03, -9.56073147e+03,\n         4.95573609e+01],\n       [-1.27260655e+02, -1.32323316e+02, -3.18908273e+02,\n         7.79262106e+01, -2.04808113e+04,  1.73234695e+04,\n         8.22693891e+03,  1.12342520e+03,  7.81882688e+03,\n        -5.39763934e+01],\n       [-7.13063251e+01,  9.06137281e+01,  7.61483454e+01,\n         6.92748110e+01, -1.16155467e+04,  8.22693891e+03,\n         6.80775296e+03,  3.42250616e+03,  3.93798948e+03,\n        -5.58705166e+01],\n       [ 2.11772830e+01, -1.19624013e+02,  3.71820346e+01,\n         1.44477128e+02, -3.52171139e+03,  1.12342520e+03,\n         3.42250616e+03,  3.92981597e+03,  3.85449838e+02,\n        -1.13682275e+02],\n       [-9.52920493e+01,  1.19959742e+01, -2.42119140e+02,\n        -9.59663540e+01, -9.56073147e+03,  7.81882688e+03,\n         3.93798948e+03,  3.85449838e+02,  4.45357747e+03,\n        -1.52668755e+02],\n       [-7.82304822e+01, -4.40690362e+01, -9.97717943e+01,\n        -1.02514593e+02,  4.95573609e+01, -5.39763934e+01,\n        -5.58705166e+01, -1.13682275e+02, -1.52668755e+02,\n         6.56203192e+02]])"}, "args": {"comp_cov": "array([[ 2.26244344e-03,  3.93070363e-04,  4.18743589e-04,\n         7.58885944e-04,  5.88372896e-04,  4.96025203e-04,\n        -1.70092703e-04,  4.61178506e-04,  6.12611406e-04,\n         6.82649339e-04],\n       [ 3.93070363e-04,  2.26244344e-03,  1.99460179e-04,\n         5.45272594e-04,  7.98118081e-05,  3.22708726e-04,\n        -8.57668844e-04,  7.51391613e-04,  3.39176779e-04,\n         4.70889629e-04],\n       [ 4.18743589e-04,  1.99460179e-04,  2.26244344e-03,\n         8.94594793e-04,  5.65107289e-04,  5.90882152e-04,\n        -8.29889091e-04,  9.36214031e-04,  1.00940393e-03,\n         8.79366502e-04],\n       [ 7.58885944e-04,  5.45272594e-04,  8.94594793e-04,\n         2.26244344e-03,  5.48561137e-04,  4.19792902e-04,\n        -4.04438080e-04,  5.82918673e-04,  8.90226491e-04,\n         8.83325844e-04],\n       [ 5.88372896e-04,  7.98118081e-05,  5.65107289e-04,\n         5.48561137e-04,  2.26244344e-03,  2.02864923e-03,\n         1.16559648e-04,  1.22671330e-03,  1.16629621e-03,\n         7.36915731e-04],\n       [ 4.96025203e-04,  3.22708726e-04,  5.90882152e-04,\n         4.19792902e-04,  2.02864923e-03,  2.26244344e-03,\n        -4.44468606e-04,  1.49279839e-03,  7.20263948e-04,\n         6.57466913e-04],\n       [-1.70092703e-04, -8.57668844e-04, -8.29889091e-04,\n        -4.04438080e-04,  1.16559648e-04, -4.44468606e-04,\n         2.26244344e-03, -1.67079803e-03, -9.01758582e-04,\n        -6.19224664e-04],\n       [ 4.61178506e-04,  7.51391613e-04,  9.36214031e-04,\n         5.82918673e-04,  1.22671330e-03,  1.49279839e-03,\n        -1.67079803e-03,  2.26244344e-03,  1.39787098e-03,\n         9.43918809e-04],\n       [ 6.12611406e-04,  3.39176779e-04,  1.00940393e-03,\n         8.90226491e-04,  1.16629621e-03,  7.20263948e-04,\n        -9.01758582e-04,  1.39787098e-03,  2.26244344e-03,\n         1.05128698e-03],\n       [ 6.82649339e-04,  4.70889629e-04,  8.79366502e-04,\n         8.83325844e-04,  7.36915731e-04,  6.57466913e-04,\n        -6.19224664e-04,  9.43918809e-04,  1.05128698e-03,\n         2.26244344e-03]])", "norm": "frobenius", "scaling": true, "squared": true}, "kwargs": {}}, "return": 0.0}, "name": "error_norm"}
{"types": {}, "values": {"inputs": {"self": {"store_precision": true, "assume_centered": false, "n_features_in_": 10, "location_": "array([-1.44429466e-18,  2.54321451e-18, -2.25592546e-16, -4.85408596e-17,\n       -1.42859580e-17,  3.89881064e-17, -6.02836031e-18, -1.78809958e-17,\n        9.16813131e-17,  1.35176953e-17])", "covariance_": "array([[ 2.26244344e-03,  3.93070363e-04,  4.18743589e-04,\n         7.58885944e-04,  5.88372896e-04,  4.96025203e-04,\n        -1.70092703e-04,  4.61178506e-04,  6.12611406e-04,\n         6.82649339e-04],\n       [ 3.93070363e-04,  2.26244344e-03,  1.99460179e-04,\n         5.45272594e-04,  7.98118081e-05,  3.22708726e-04,\n        -8.57668844e-04,  7.51391613e-04,  3.39176779e-04,\n         4.70889629e-04],\n       [ 4.18743589e-04,  1.99460179e-04,  2.26244344e-03,\n         8.94594793e-04,  5.65107289e-04,  5.90882152e-04,\n        -8.29889091e-04,  9.36214031e-04,  1.00940393e-03,\n         8.79366502e-04],\n       [ 7.58885944e-04,  5.45272594e-04,  8.94594793e-04,\n         2.26244344e-03,  5.48561137e-04,  4.19792902e-04,\n        -4.04438080e-04,  5.82918673e-04,  8.90226491e-04,\n         8.83325844e-04],\n       [ 5.88372896e-04,  7.98118081e-05,  5.65107289e-04,\n         5.48561137e-04,  2.26244344e-03,  2.02864923e-03,\n         1.16559648e-04,  1.22671330e-03,  1.16629621e-03,\n         7.36915731e-04],\n       [ 4.96025203e-04,  3.22708726e-04,  5.90882152e-04,\n         4.19792902e-04,  2.02864923e-03,  2.26244344e-03,\n        -4.44468606e-04,  1.49279839e-03,  7.20263948e-04,\n         6.57466913e-04],\n       [-1.70092703e-04, -8.57668844e-04, -8.29889091e-04,\n        -4.04438080e-04,  1.16559648e-04, -4.44468606e-04,\n         2.26244344e-03, -1.67079803e-03, -9.01758582e-04,\n        -6.19224664e-04],\n       [ 4.61178506e-04,  7.51391613e-04,  9.36214031e-04,\n         5.82918673e-04,  1.22671330e-03,  1.49279839e-03,\n        -1.67079803e-03,  2.26244344e-03,  1.39787098e-03,\n         9.43918809e-04],\n       [ 6.12611406e-04,  3.39176779e-04,  1.00940393e-03,\n         8.90226491e-04,  1.16629621e-03,  7.20263948e-04,\n        -9.01758582e-04,  1.39787098e-03,  2.26244344e-03,\n         1.05128698e-03],\n       [ 6.82649339e-04,  4.70889629e-04,  8.79366502e-04,\n         8.83325844e-04,  7.36915731e-04,  6.57466913e-04,\n        -6.19224664e-04,  9.43918809e-04,  1.05128698e-03,\n         2.26244344e-03]])", "precision_": "array([[ 5.38049479e+02, -5.45712271e+01,  3.47883185e+00,\n        -1.12029342e+02,  6.91990654e+01, -1.27260655e+02,\n        -7.13063251e+01,  2.11772830e+01, -9.52920493e+01,\n        -7.82304822e+01],\n       [-5.45712271e+01,  5.64907389e+02,  8.76624749e+01,\n        -1.13782093e+02,  1.86967788e+02, -1.32323316e+02,\n         9.06137281e+01, -1.19624013e+02,  1.19959742e+01,\n        -4.40690362e+01],\n       [ 3.47883185e+00,  8.76624749e+01,  6.67171319e+02,\n        -1.58237199e+02,  2.86905555e+02, -3.18908273e+02,\n         7.61483454e+01,  3.71820346e+01, -2.42119140e+02,\n        -9.97717943e+01],\n       [-1.12029342e+02, -1.13782093e+02, -1.58237199e+02,\n         6.45067078e+02, -1.52650601e+02,  7.79262106e+01,\n         6.92748110e+01,  1.44477128e+02, -9.59663540e+01,\n        -1.02514593e+02],\n       [ 6.91990654e+01,  1.86967788e+02,  2.86905555e+02,\n        -1.52650601e+02,  2.61675095e+04, -2.04808113e+04,\n        -1.16155467e+04, -3.52171139e+03, -9.56073147e+03,\n         4.95573609e+01],\n       [-1.27260655e+02, -1.32323316e+02, -3.18908273e+02,\n         7.79262106e+01, -2.04808113e+04,  1.73234695e+04,\n         8.22693891e+03,  1.12342520e+03,  7.81882688e+03,\n        -5.39763934e+01],\n       [-7.13063251e+01,  9.06137281e+01,  7.61483454e+01,\n         6.92748110e+01, -1.16155467e+04,  8.22693891e+03,\n         6.80775296e+03,  3.42250616e+03,  3.93798948e+03,\n        -5.58705166e+01],\n       [ 2.11772830e+01, -1.19624013e+02,  3.71820346e+01,\n         1.44477128e+02, -3.52171139e+03,  1.12342520e+03,\n         3.42250616e+03,  3.92981597e+03,  3.85449838e+02,\n        -1.13682275e+02],\n       [-9.52920493e+01,  1.19959742e+01, -2.42119140e+02,\n        -9.59663540e+01, -9.56073147e+03,  7.81882688e+03,\n         3.93798948e+03,  3.85449838e+02,  4.45357747e+03,\n        -1.52668755e+02],\n       [-7.82304822e+01, -4.40690362e+01, -9.97717943e+01,\n        -1.02514593e+02,  4.95573609e+01, -5.39763934e+01,\n        -5.58705166e+01, -1.13682275e+02, -1.52668755e+02,\n         6.56203192e+02]])"}, "args": {"comp_cov": "array([[ 2.26244344e-03,  3.93070363e-04,  4.18743589e-04,\n         7.58885944e-04,  5.88372896e-04,  4.96025203e-04,\n        -1.70092703e-04,  4.61178506e-04,  6.12611406e-04,\n         6.82649339e-04],\n       [ 3.93070363e-04,  2.26244344e-03,  1.99460179e-04,\n         5.45272594e-04,  7.98118081e-05,  3.22708726e-04,\n        -8.57668844e-04,  7.51391613e-04,  3.39176779e-04,\n         4.70889629e-04],\n       [ 4.18743589e-04,  1.99460179e-04,  2.26244344e-03,\n         8.94594793e-04,  5.65107289e-04,  5.90882152e-04,\n        -8.29889091e-04,  9.36214031e-04,  1.00940393e-03,\n         8.79366502e-04],\n       [ 7.58885944e-04,  5.45272594e-04,  8.94594793e-04,\n         2.26244344e-03,  5.48561137e-04,  4.19792902e-04,\n        -4.04438080e-04,  5.82918673e-04,  8.90226491e-04,\n         8.83325844e-04],\n       [ 5.88372896e-04,  7.98118081e-05,  5.65107289e-04,\n         5.48561137e-04,  2.26244344e-03,  2.02864923e-03,\n         1.16559648e-04,  1.22671330e-03,  1.16629621e-03,\n         7.36915731e-04],\n       [ 4.96025203e-04,  3.22708726e-04,  5.90882152e-04,\n         4.19792902e-04,  2.02864923e-03,  2.26244344e-03,\n        -4.44468606e-04,  1.49279839e-03,  7.20263948e-04,\n         6.57466913e-04],\n       [-1.70092703e-04, -8.57668844e-04, -8.29889091e-04,\n        -4.04438080e-04,  1.16559648e-04, -4.44468606e-04,\n         2.26244344e-03, -1.67079803e-03, -9.01758582e-04,\n        -6.19224664e-04],\n       [ 4.61178506e-04,  7.51391613e-04,  9.36214031e-04,\n         5.82918673e-04,  1.22671330e-03,  1.49279839e-03,\n        -1.67079803e-03,  2.26244344e-03,  1.39787098e-03,\n         9.43918809e-04],\n       [ 6.12611406e-04,  3.39176779e-04,  1.00940393e-03,\n         8.90226491e-04,  1.16629621e-03,  7.20263948e-04,\n        -9.01758582e-04,  1.39787098e-03,  2.26244344e-03,\n         1.05128698e-03],\n       [ 6.82649339e-04,  4.70889629e-04,  8.79366502e-04,\n         8.83325844e-04,  7.36915731e-04,  6.57466913e-04,\n        -6.19224664e-04,  9.43918809e-04,  1.05128698e-03,\n         2.26244344e-03]])", "norm": "spectral", "scaling": true, "squared": true}, "kwargs": {}}, "return": 0.0}, "name": "error_norm"}
{"types": {}, "values": {"inputs": {"self": {"store_precision": true, "assume_centered": false, "n_features_in_": 10, "location_": "array([-1.44429466e-18,  2.54321451e-18, -2.25592546e-16, -4.85408596e-17,\n       -1.42859580e-17,  3.89881064e-17, -6.02836031e-18, -1.78809958e-17,\n        9.16813131e-17,  1.35176953e-17])", "covariance_": "array([[ 2.26244344e-03,  3.93070363e-04,  4.18743589e-04,\n         7.58885944e-04,  5.88372896e-04,  4.96025203e-04,\n        -1.70092703e-04,  4.61178506e-04,  6.12611406e-04,\n         6.82649339e-04],\n       [ 3.93070363e-04,  2.26244344e-03,  1.99460179e-04,\n         5.45272594e-04,  7.98118081e-05,  3.22708726e-04,\n        -8.57668844e-04,  7.51391613e-04,  3.39176779e-04,\n         4.70889629e-04],\n       [ 4.18743589e-04,  1.99460179e-04,  2.26244344e-03,\n         8.94594793e-04,  5.65107289e-04,  5.90882152e-04,\n        -8.29889091e-04,  9.36214031e-04,  1.00940393e-03,\n         8.79366502e-04],\n       [ 7.58885944e-04,  5.45272594e-04,  8.94594793e-04,\n         2.26244344e-03,  5.48561137e-04,  4.19792902e-04,\n        -4.04438080e-04,  5.82918673e-04,  8.90226491e-04,\n         8.83325844e-04],\n       [ 5.88372896e-04,  7.98118081e-05,  5.65107289e-04,\n         5.48561137e-04,  2.26244344e-03,  2.02864923e-03,\n         1.16559648e-04,  1.22671330e-03,  1.16629621e-03,\n         7.36915731e-04],\n       [ 4.96025203e-04,  3.22708726e-04,  5.90882152e-04,\n         4.19792902e-04,  2.02864923e-03,  2.26244344e-03,\n        -4.44468606e-04,  1.49279839e-03,  7.20263948e-04,\n         6.57466913e-04],\n       [-1.70092703e-04, -8.57668844e-04, -8.29889091e-04,\n        -4.04438080e-04,  1.16559648e-04, -4.44468606e-04,\n         2.26244344e-03, -1.67079803e-03, -9.01758582e-04,\n        -6.19224664e-04],\n       [ 4.61178506e-04,  7.51391613e-04,  9.36214031e-04,\n         5.82918673e-04,  1.22671330e-03,  1.49279839e-03,\n        -1.67079803e-03,  2.26244344e-03,  1.39787098e-03,\n         9.43918809e-04],\n       [ 6.12611406e-04,  3.39176779e-04,  1.00940393e-03,\n         8.90226491e-04,  1.16629621e-03,  7.20263948e-04,\n        -9.01758582e-04,  1.39787098e-03,  2.26244344e-03,\n         1.05128698e-03],\n       [ 6.82649339e-04,  4.70889629e-04,  8.79366502e-04,\n         8.83325844e-04,  7.36915731e-04,  6.57466913e-04,\n        -6.19224664e-04,  9.43918809e-04,  1.05128698e-03,\n         2.26244344e-03]])", "precision_": "array([[ 5.38049479e+02, -5.45712271e+01,  3.47883185e+00,\n        -1.12029342e+02,  6.91990654e+01, -1.27260655e+02,\n        -7.13063251e+01,  2.11772830e+01, -9.52920493e+01,\n        -7.82304822e+01],\n       [-5.45712271e+01,  5.64907389e+02,  8.76624749e+01,\n        -1.13782093e+02,  1.86967788e+02, -1.32323316e+02,\n         9.06137281e+01, -1.19624013e+02,  1.19959742e+01,\n        -4.40690362e+01],\n       [ 3.47883185e+00,  8.76624749e+01,  6.67171319e+02,\n        -1.58237199e+02,  2.86905555e+02, -3.18908273e+02,\n         7.61483454e+01,  3.71820346e+01, -2.42119140e+02,\n        -9.97717943e+01],\n       [-1.12029342e+02, -1.13782093e+02, -1.58237199e+02,\n         6.45067078e+02, -1.52650601e+02,  7.79262106e+01,\n         6.92748110e+01,  1.44477128e+02, -9.59663540e+01,\n        -1.02514593e+02],\n       [ 6.91990654e+01,  1.86967788e+02,  2.86905555e+02,\n        -1.52650601e+02,  2.61675095e+04, -2.04808113e+04,\n        -1.16155467e+04, -3.52171139e+03, -9.56073147e+03,\n         4.95573609e+01],\n       [-1.27260655e+02, -1.32323316e+02, -3.18908273e+02,\n         7.79262106e+01, -2.04808113e+04,  1.73234695e+04,\n         8.22693891e+03,  1.12342520e+03,  7.81882688e+03,\n        -5.39763934e+01],\n       [-7.13063251e+01,  9.06137281e+01,  7.61483454e+01,\n         6.92748110e+01, -1.16155467e+04,  8.22693891e+03,\n         6.80775296e+03,  3.42250616e+03,  3.93798948e+03,\n        -5.58705166e+01],\n       [ 2.11772830e+01, -1.19624013e+02,  3.71820346e+01,\n         1.44477128e+02, -3.52171139e+03,  1.12342520e+03,\n         3.42250616e+03,  3.92981597e+03,  3.85449838e+02,\n        -1.13682275e+02],\n       [-9.52920493e+01,  1.19959742e+01, -2.42119140e+02,\n        -9.59663540e+01, -9.56073147e+03,  7.81882688e+03,\n         3.93798948e+03,  3.85449838e+02,  4.45357747e+03,\n        -1.52668755e+02],\n       [-7.82304822e+01, -4.40690362e+01, -9.97717943e+01,\n        -1.02514593e+02,  4.95573609e+01, -5.39763934e+01,\n        -5.58705166e+01, -1.13682275e+02, -1.52668755e+02,\n         6.56203192e+02]])"}, "args": {"comp_cov": "array([[ 2.26244344e-03,  3.93070363e-04,  4.18743589e-04,\n         7.58885944e-04,  5.88372896e-04,  4.96025203e-04,\n        -1.70092703e-04,  4.61178506e-04,  6.12611406e-04,\n         6.82649339e-04],\n       [ 3.93070363e-04,  2.26244344e-03,  1.99460179e-04,\n         5.45272594e-04,  7.98118081e-05,  3.22708726e-04,\n        -8.57668844e-04,  7.51391613e-04,  3.39176779e-04,\n         4.70889629e-04],\n       [ 4.18743589e-04,  1.99460179e-04,  2.26244344e-03,\n         8.94594793e-04,  5.65107289e-04,  5.90882152e-04,\n        -8.29889091e-04,  9.36214031e-04,  1.00940393e-03,\n         8.79366502e-04],\n       [ 7.58885944e-04,  5.45272594e-04,  8.94594793e-04,\n         2.26244344e-03,  5.48561137e-04,  4.19792902e-04,\n        -4.04438080e-04,  5.82918673e-04,  8.90226491e-04,\n         8.83325844e-04],\n       [ 5.88372896e-04,  7.98118081e-05,  5.65107289e-04,\n         5.48561137e-04,  2.26244344e-03,  2.02864923e-03,\n         1.16559648e-04,  1.22671330e-03,  1.16629621e-03,\n         7.36915731e-04],\n       [ 4.96025203e-04,  3.22708726e-04,  5.90882152e-04,\n         4.19792902e-04,  2.02864923e-03,  2.26244344e-03,\n        -4.44468606e-04,  1.49279839e-03,  7.20263948e-04,\n         6.57466913e-04],\n       [-1.70092703e-04, -8.57668844e-04, -8.29889091e-04,\n        -4.04438080e-04,  1.16559648e-04, -4.44468606e-04,\n         2.26244344e-03, -1.67079803e-03, -9.01758582e-04,\n        -6.19224664e-04],\n       [ 4.61178506e-04,  7.51391613e-04,  9.36214031e-04,\n         5.82918673e-04,  1.22671330e-03,  1.49279839e-03,\n        -1.67079803e-03,  2.26244344e-03,  1.39787098e-03,\n         9.43918809e-04],\n       [ 6.12611406e-04,  3.39176779e-04,  1.00940393e-03,\n         8.90226491e-04,  1.16629621e-03,  7.20263948e-04,\n        -9.01758582e-04,  1.39787098e-03,  2.26244344e-03,\n         1.05128698e-03],\n       [ 6.82649339e-04,  4.70889629e-04,  8.79366502e-04,\n         8.83325844e-04,  7.36915731e-04,  6.57466913e-04,\n        -6.19224664e-04,  9.43918809e-04,  1.05128698e-03,\n         2.26244344e-03]])", "norm": "frobenius", "scaling": true, "squared": true}, "kwargs": {}}, "return": 0.0}, "name": "error_norm"}
{"types": {}, "values": {"inputs": {"self": {"store_precision": true, "assume_centered": false, "n_features_in_": 10, "location_": "array([-1.44429466e-18,  2.54321451e-18, -2.25592546e-16, -4.85408596e-17,\n       -1.42859580e-17,  3.89881064e-17, -6.02836031e-18, -1.78809958e-17,\n        9.16813131e-17,  1.35176953e-17])", "covariance_": "array([[ 2.26244344e-03,  3.93070363e-04,  4.18743589e-04,\n         7.58885944e-04,  5.88372896e-04,  4.96025203e-04,\n        -1.70092703e-04,  4.61178506e-04,  6.12611406e-04,\n         6.82649339e-04],\n       [ 3.93070363e-04,  2.26244344e-03,  1.99460179e-04,\n         5.45272594e-04,  7.98118081e-05,  3.22708726e-04,\n        -8.57668844e-04,  7.51391613e-04,  3.39176779e-04,\n         4.70889629e-04],\n       [ 4.18743589e-04,  1.99460179e-04,  2.26244344e-03,\n         8.94594793e-04,  5.65107289e-04,  5.90882152e-04,\n        -8.29889091e-04,  9.36214031e-04,  1.00940393e-03,\n         8.79366502e-04],\n       [ 7.58885944e-04,  5.45272594e-04,  8.94594793e-04,\n         2.26244344e-03,  5.48561137e-04,  4.19792902e-04,\n        -4.04438080e-04,  5.82918673e-04,  8.90226491e-04,\n         8.83325844e-04],\n       [ 5.88372896e-04,  7.98118081e-05,  5.65107289e-04,\n         5.48561137e-04,  2.26244344e-03,  2.02864923e-03,\n         1.16559648e-04,  1.22671330e-03,  1.16629621e-03,\n         7.36915731e-04],\n       [ 4.96025203e-04,  3.22708726e-04,  5.90882152e-04,\n         4.19792902e-04,  2.02864923e-03,  2.26244344e-03,\n        -4.44468606e-04,  1.49279839e-03,  7.20263948e-04,\n         6.57466913e-04],\n       [-1.70092703e-04, -8.57668844e-04, -8.29889091e-04,\n        -4.04438080e-04,  1.16559648e-04, -4.44468606e-04,\n         2.26244344e-03, -1.67079803e-03, -9.01758582e-04,\n        -6.19224664e-04],\n       [ 4.61178506e-04,  7.51391613e-04,  9.36214031e-04,\n         5.82918673e-04,  1.22671330e-03,  1.49279839e-03,\n        -1.67079803e-03,  2.26244344e-03,  1.39787098e-03,\n         9.43918809e-04],\n       [ 6.12611406e-04,  3.39176779e-04,  1.00940393e-03,\n         8.90226491e-04,  1.16629621e-03,  7.20263948e-04,\n        -9.01758582e-04,  1.39787098e-03,  2.26244344e-03,\n         1.05128698e-03],\n       [ 6.82649339e-04,  4.70889629e-04,  8.79366502e-04,\n         8.83325844e-04,  7.36915731e-04,  6.57466913e-04,\n        -6.19224664e-04,  9.43918809e-04,  1.05128698e-03,\n         2.26244344e-03]])", "precision_": "array([[ 5.38049479e+02, -5.45712271e+01,  3.47883185e+00,\n        -1.12029342e+02,  6.91990654e+01, -1.27260655e+02,\n        -7.13063251e+01,  2.11772830e+01, -9.52920493e+01,\n        -7.82304822e+01],\n       [-5.45712271e+01,  5.64907389e+02,  8.76624749e+01,\n        -1.13782093e+02,  1.86967788e+02, -1.32323316e+02,\n         9.06137281e+01, -1.19624013e+02,  1.19959742e+01,\n        -4.40690362e+01],\n       [ 3.47883185e+00,  8.76624749e+01,  6.67171319e+02,\n        -1.58237199e+02,  2.86905555e+02, -3.18908273e+02,\n         7.61483454e+01,  3.71820346e+01, -2.42119140e+02,\n        -9.97717943e+01],\n       [-1.12029342e+02, -1.13782093e+02, -1.58237199e+02,\n         6.45067078e+02, -1.52650601e+02,  7.79262106e+01,\n         6.92748110e+01,  1.44477128e+02, -9.59663540e+01,\n        -1.02514593e+02],\n       [ 6.91990654e+01,  1.86967788e+02,  2.86905555e+02,\n        -1.52650601e+02,  2.61675095e+04, -2.04808113e+04,\n        -1.16155467e+04, -3.52171139e+03, -9.56073147e+03,\n         4.95573609e+01],\n       [-1.27260655e+02, -1.32323316e+02, -3.18908273e+02,\n         7.79262106e+01, -2.04808113e+04,  1.73234695e+04,\n         8.22693891e+03,  1.12342520e+03,  7.81882688e+03,\n        -5.39763934e+01],\n       [-7.13063251e+01,  9.06137281e+01,  7.61483454e+01,\n         6.92748110e+01, -1.16155467e+04,  8.22693891e+03,\n         6.80775296e+03,  3.42250616e+03,  3.93798948e+03,\n        -5.58705166e+01],\n       [ 2.11772830e+01, -1.19624013e+02,  3.71820346e+01,\n         1.44477128e+02, -3.52171139e+03,  1.12342520e+03,\n         3.42250616e+03,  3.92981597e+03,  3.85449838e+02,\n        -1.13682275e+02],\n       [-9.52920493e+01,  1.19959742e+01, -2.42119140e+02,\n        -9.59663540e+01, -9.56073147e+03,  7.81882688e+03,\n         3.93798948e+03,  3.85449838e+02,  4.45357747e+03,\n        -1.52668755e+02],\n       [-7.82304822e+01, -4.40690362e+01, -9.97717943e+01,\n        -1.02514593e+02,  4.95573609e+01, -5.39763934e+01,\n        -5.58705166e+01, -1.13682275e+02, -1.52668755e+02,\n         6.56203192e+02]])"}, "args": {"comp_cov": "array([[ 2.26244344e-03,  3.93070363e-04,  4.18743589e-04,\n         7.58885944e-04,  5.88372896e-04,  4.96025203e-04,\n        -1.70092703e-04,  4.61178506e-04,  6.12611406e-04,\n         6.82649339e-04],\n       [ 3.93070363e-04,  2.26244344e-03,  1.99460179e-04,\n         5.45272594e-04,  7.98118081e-05,  3.22708726e-04,\n        -8.57668844e-04,  7.51391613e-04,  3.39176779e-04,\n         4.70889629e-04],\n       [ 4.18743589e-04,  1.99460179e-04,  2.26244344e-03,\n         8.94594793e-04,  5.65107289e-04,  5.90882152e-04,\n        -8.29889091e-04,  9.36214031e-04,  1.00940393e-03,\n         8.79366502e-04],\n       [ 7.58885944e-04,  5.45272594e-04,  8.94594793e-04,\n         2.26244344e-03,  5.48561137e-04,  4.19792902e-04,\n        -4.04438080e-04,  5.82918673e-04,  8.90226491e-04,\n         8.83325844e-04],\n       [ 5.88372896e-04,  7.98118081e-05,  5.65107289e-04,\n         5.48561137e-04,  2.26244344e-03,  2.02864923e-03,\n         1.16559648e-04,  1.22671330e-03,  1.16629621e-03,\n         7.36915731e-04],\n       [ 4.96025203e-04,  3.22708726e-04,  5.90882152e-04,\n         4.19792902e-04,  2.02864923e-03,  2.26244344e-03,\n        -4.44468606e-04,  1.49279839e-03,  7.20263948e-04,\n         6.57466913e-04],\n       [-1.70092703e-04, -8.57668844e-04, -8.29889091e-04,\n        -4.04438080e-04,  1.16559648e-04, -4.44468606e-04,\n         2.26244344e-03, -1.67079803e-03, -9.01758582e-04,\n        -6.19224664e-04],\n       [ 4.61178506e-04,  7.51391613e-04,  9.36214031e-04,\n         5.82918673e-04,  1.22671330e-03,  1.49279839e-03,\n        -1.67079803e-03,  2.26244344e-03,  1.39787098e-03,\n         9.43918809e-04],\n       [ 6.12611406e-04,  3.39176779e-04,  1.00940393e-03,\n         8.90226491e-04,  1.16629621e-03,  7.20263948e-04,\n        -9.01758582e-04,  1.39787098e-03,  2.26244344e-03,\n         1.05128698e-03],\n       [ 6.82649339e-04,  4.70889629e-04,  8.79366502e-04,\n         8.83325844e-04,  7.36915731e-04,  6.57466913e-04,\n        -6.19224664e-04,  9.43918809e-04,  1.05128698e-03,\n         2.26244344e-03]])", "norm": "frobenius", "scaling": false, "squared": true}, "kwargs": {}}, "return": 0.0}, "name": "error_norm"}
{"types": {}, "values": {"inputs": {"self": {"store_precision": true, "assume_centered": false, "n_features_in_": 10, "location_": "array([-1.44429466e-18,  2.54321451e-18, -2.25592546e-16, -4.85408596e-17,\n       -1.42859580e-17,  3.89881064e-17, -6.02836031e-18, -1.78809958e-17,\n        9.16813131e-17,  1.35176953e-17])", "covariance_": "array([[ 2.26244344e-03,  3.93070363e-04,  4.18743589e-04,\n         7.58885944e-04,  5.88372896e-04,  4.96025203e-04,\n        -1.70092703e-04,  4.61178506e-04,  6.12611406e-04,\n         6.82649339e-04],\n       [ 3.93070363e-04,  2.26244344e-03,  1.99460179e-04,\n         5.45272594e-04,  7.98118081e-05,  3.22708726e-04,\n        -8.57668844e-04,  7.51391613e-04,  3.39176779e-04,\n         4.70889629e-04],\n       [ 4.18743589e-04,  1.99460179e-04,  2.26244344e-03,\n         8.94594793e-04,  5.65107289e-04,  5.90882152e-04,\n        -8.29889091e-04,  9.36214031e-04,  1.00940393e-03,\n         8.79366502e-04],\n       [ 7.58885944e-04,  5.45272594e-04,  8.94594793e-04,\n         2.26244344e-03,  5.48561137e-04,  4.19792902e-04,\n        -4.04438080e-04,  5.82918673e-04,  8.90226491e-04,\n         8.83325844e-04],\n       [ 5.88372896e-04,  7.98118081e-05,  5.65107289e-04,\n         5.48561137e-04,  2.26244344e-03,  2.02864923e-03,\n         1.16559648e-04,  1.22671330e-03,  1.16629621e-03,\n         7.36915731e-04],\n       [ 4.96025203e-04,  3.22708726e-04,  5.90882152e-04,\n         4.19792902e-04,  2.02864923e-03,  2.26244344e-03,\n        -4.44468606e-04,  1.49279839e-03,  7.20263948e-04,\n         6.57466913e-04],\n       [-1.70092703e-04, -8.57668844e-04, -8.29889091e-04,\n        -4.04438080e-04,  1.16559648e-04, -4.44468606e-04,\n         2.26244344e-03, -1.67079803e-03, -9.01758582e-04,\n        -6.19224664e-04],\n       [ 4.61178506e-04,  7.51391613e-04,  9.36214031e-04,\n         5.82918673e-04,  1.22671330e-03,  1.49279839e-03,\n        -1.67079803e-03,  2.26244344e-03,  1.39787098e-03,\n         9.43918809e-04],\n       [ 6.12611406e-04,  3.39176779e-04,  1.00940393e-03,\n         8.90226491e-04,  1.16629621e-03,  7.20263948e-04,\n        -9.01758582e-04,  1.39787098e-03,  2.26244344e-03,\n         1.05128698e-03],\n       [ 6.82649339e-04,  4.70889629e-04,  8.79366502e-04,\n         8.83325844e-04,  7.36915731e-04,  6.57466913e-04,\n        -6.19224664e-04,  9.43918809e-04,  1.05128698e-03,\n         2.26244344e-03]])", "precision_": "array([[ 5.38049479e+02, -5.45712271e+01,  3.47883185e+00,\n        -1.12029342e+02,  6.91990654e+01, -1.27260655e+02,\n        -7.13063251e+01,  2.11772830e+01, -9.52920493e+01,\n        -7.82304822e+01],\n       [-5.45712271e+01,  5.64907389e+02,  8.76624749e+01,\n        -1.13782093e+02,  1.86967788e+02, -1.32323316e+02,\n         9.06137281e+01, -1.19624013e+02,  1.19959742e+01,\n        -4.40690362e+01],\n       [ 3.47883185e+00,  8.76624749e+01,  6.67171319e+02,\n        -1.58237199e+02,  2.86905555e+02, -3.18908273e+02,\n         7.61483454e+01,  3.71820346e+01, -2.42119140e+02,\n        -9.97717943e+01],\n       [-1.12029342e+02, -1.13782093e+02, -1.58237199e+02,\n         6.45067078e+02, -1.52650601e+02,  7.79262106e+01,\n         6.92748110e+01,  1.44477128e+02, -9.59663540e+01,\n        -1.02514593e+02],\n       [ 6.91990654e+01,  1.86967788e+02,  2.86905555e+02,\n        -1.52650601e+02,  2.61675095e+04, -2.04808113e+04,\n        -1.16155467e+04, -3.52171139e+03, -9.56073147e+03,\n         4.95573609e+01],\n       [-1.27260655e+02, -1.32323316e+02, -3.18908273e+02,\n         7.79262106e+01, -2.04808113e+04,  1.73234695e+04,\n         8.22693891e+03,  1.12342520e+03,  7.81882688e+03,\n        -5.39763934e+01],\n       [-7.13063251e+01,  9.06137281e+01,  7.61483454e+01,\n         6.92748110e+01, -1.16155467e+04,  8.22693891e+03,\n         6.80775296e+03,  3.42250616e+03,  3.93798948e+03,\n        -5.58705166e+01],\n       [ 2.11772830e+01, -1.19624013e+02,  3.71820346e+01,\n         1.44477128e+02, -3.52171139e+03,  1.12342520e+03,\n         3.42250616e+03,  3.92981597e+03,  3.85449838e+02,\n        -1.13682275e+02],\n       [-9.52920493e+01,  1.19959742e+01, -2.42119140e+02,\n        -9.59663540e+01, -9.56073147e+03,  7.81882688e+03,\n         3.93798948e+03,  3.85449838e+02,  4.45357747e+03,\n        -1.52668755e+02],\n       [-7.82304822e+01, -4.40690362e+01, -9.97717943e+01,\n        -1.02514593e+02,  4.95573609e+01, -5.39763934e+01,\n        -5.58705166e+01, -1.13682275e+02, -1.52668755e+02,\n         6.56203192e+02]])"}, "args": {"comp_cov": "array([[ 2.26244344e-03,  3.93070363e-04,  4.18743589e-04,\n         7.58885944e-04,  5.88372896e-04,  4.96025203e-04,\n        -1.70092703e-04,  4.61178506e-04,  6.12611406e-04,\n         6.82649339e-04],\n       [ 3.93070363e-04,  2.26244344e-03,  1.99460179e-04,\n         5.45272594e-04,  7.98118081e-05,  3.22708726e-04,\n        -8.57668844e-04,  7.51391613e-04,  3.39176779e-04,\n         4.70889629e-04],\n       [ 4.18743589e-04,  1.99460179e-04,  2.26244344e-03,\n         8.94594793e-04,  5.65107289e-04,  5.90882152e-04,\n        -8.29889091e-04,  9.36214031e-04,  1.00940393e-03,\n         8.79366502e-04],\n       [ 7.58885944e-04,  5.45272594e-04,  8.94594793e-04,\n         2.26244344e-03,  5.48561137e-04,  4.19792902e-04,\n        -4.04438080e-04,  5.82918673e-04,  8.90226491e-04,\n         8.83325844e-04],\n       [ 5.88372896e-04,  7.98118081e-05,  5.65107289e-04,\n         5.48561137e-04,  2.26244344e-03,  2.02864923e-03,\n         1.16559648e-04,  1.22671330e-03,  1.16629621e-03,\n         7.36915731e-04],\n       [ 4.96025203e-04,  3.22708726e-04,  5.90882152e-04,\n         4.19792902e-04,  2.02864923e-03,  2.26244344e-03,\n        -4.44468606e-04,  1.49279839e-03,  7.20263948e-04,\n         6.57466913e-04],\n       [-1.70092703e-04, -8.57668844e-04, -8.29889091e-04,\n        -4.04438080e-04,  1.16559648e-04, -4.44468606e-04,\n         2.26244344e-03, -1.67079803e-03, -9.01758582e-04,\n        -6.19224664e-04],\n       [ 4.61178506e-04,  7.51391613e-04,  9.36214031e-04,\n         5.82918673e-04,  1.22671330e-03,  1.49279839e-03,\n        -1.67079803e-03,  2.26244344e-03,  1.39787098e-03,\n         9.43918809e-04],\n       [ 6.12611406e-04,  3.39176779e-04,  1.00940393e-03,\n         8.90226491e-04,  1.16629621e-03,  7.20263948e-04,\n        -9.01758582e-04,  1.39787098e-03,  2.26244344e-03,\n         1.05128698e-03],\n       [ 6.82649339e-04,  4.70889629e-04,  8.79366502e-04,\n         8.83325844e-04,  7.36915731e-04,  6.57466913e-04,\n        -6.19224664e-04,  9.43918809e-04,  1.05128698e-03,\n         2.26244344e-03]])", "norm": "frobenius", "scaling": true, "squared": false}, "kwargs": {}}, "return": 0.0}, "name": "error_norm"}
