{"types": {}, "values": {"inputs": {"self": {}, "args": {"X": "array([[ 0.03807591,  0.05068012,  0.06169621, ..., -0.00259226,\n         0.01990749, -0.01764613],\n       [-0.00188202, -0.04464164, -0.05147406, ..., -0.03949338,\n        -0.06833155, -0.09220405],\n       [ 0.08529891,  0.05068012,  0.04445121, ..., -0.00259226,\n         0.00286131, -0.02593034],\n       ...,\n       [ 0.04170844,  0.05068012, -0.01590626, ..., -0.01107952,\n        -0.04688253,  0.01549073],\n       [-0.04547248, -0.04464164,  0.03906215, ...,  0.02655962,\n         0.04452873, -0.02593034],\n       [-0.04547248, -0.04464164, -0.0730303 , ..., -0.03949338,\n        -0.00422151,  0.00306441]], shape=(442, 10))", "assume_centered": true, "block_size": 1000}, "kwargs": {}}, "return": ["array([[ 2.26244344e-03,  3.84854832e-04,  4.09991464e-04,\n         7.43024532e-04,  5.76075363e-04,  4.85657822e-04,\n        -1.66537610e-04,  4.51539453e-04,  5.99807266e-04,\n         6.68381342e-04],\n       [ 3.84854832e-04,  2.26244344e-03,  1.95291278e-04,\n         5.33875897e-04,  7.81436681e-05,  3.15963818e-04,\n        -8.39742779e-04,  7.35686840e-04,  3.32087674e-04,\n         4.61047604e-04],\n       [ 4.09991464e-04,  1.95291278e-04,  2.26244344e-03,\n         8.75896942e-04,  5.53296029e-04,  5.78532173e-04,\n        -8.12543649e-04,  9.16646300e-04,  9.88306466e-04,\n         8.60986936e-04],\n       [ 7.43024532e-04,  5.33875897e-04,  8.75896942e-04,\n         2.26244344e-03,  5.37095707e-04,  4.11018845e-04,\n        -3.95984953e-04,  5.70735138e-04,  8.71619941e-04,\n         8.64863524e-04],\n       [ 5.76075363e-04,  7.81436681e-05,  5.53296029e-04,\n         5.37095707e-04,  2.26244344e-03,  1.98624860e-03,\n         1.14123444e-04,  1.20107387e-03,  1.14191955e-03,\n         7.21513517e-04],\n       [ 4.85657822e-04,  3.15963818e-04,  5.78532173e-04,\n         4.11018845e-04,  1.98624860e-03,  2.26244344e-03,\n        -4.35178804e-04,  1.46159754e-03,  7.05209771e-04,\n         6.43725252e-04],\n       [-1.66537610e-04, -8.39742779e-04, -8.12543649e-04,\n        -3.95984953e-04,  1.14123444e-04, -4.35178804e-04,\n         2.26244344e-03, -1.63587682e-03, -8.82911001e-04,\n        -6.06282301e-04],\n       [ 4.51539453e-04,  7.35686840e-04,  9.16646300e-04,\n         5.70735138e-04,  1.20107387e-03,  1.46159754e-03,\n        -1.63587682e-03,  2.26244344e-03,  1.36865420e-03,\n         9.24190041e-04],\n       [ 5.99807266e-04,  3.32087674e-04,  9.88306466e-04,\n         8.71619941e-04,  1.14191955e-03,  7.05209771e-04,\n        -8.82911001e-04,  1.36865420e-03,  2.26244344e-03,\n         1.02931412e-03],\n       [ 6.68381342e-04,  4.61047604e-04,  8.60986936e-04,\n         8.64863524e-04,  7.21513517e-04,  6.43725252e-04,\n        -6.06282301e-04,  9.24190041e-04,  1.02931412e-03,\n         2.26244344e-03]])", 0.020900916755115875]}, "name": "_ledoit_wolf"}
{"types": {}, "values": {"inputs": {"self": {}, "args": {"X": "array([[ 0.03807591,  0.05068012,  0.06169621, ..., -0.00259226,\n         0.01990749, -0.01764613],\n       [-0.00188202, -0.04464164, -0.05147406, ..., -0.03949338,\n        -0.06833155, -0.09220405],\n       [ 0.08529891,  0.05068012,  0.04445121, ..., -0.00259226,\n         0.00286131, -0.02593034],\n       ...,\n       [ 0.04170844,  0.05068012, -0.01590626, ..., -0.01107952,\n        -0.04688253,  0.01549073],\n       [-0.04547248, -0.04464164,  0.03906215, ...,  0.02655962,\n         0.04452873, -0.02593034],\n       [-0.04547248, -0.04464164, -0.0730303 , ..., -0.03949338,\n        -0.00422151,  0.00306441]], shape=(442, 10))", "assume_centered": true, "block_size": 1000}, "kwargs": {}}, "return": ["array([[ 2.26244344e-03,  3.84854832e-04,  4.09991464e-04,\n         7.43024532e-04,  5.76075363e-04,  4.85657822e-04,\n        -1.66537610e-04,  4.51539453e-04,  5.99807266e-04,\n         6.68381342e-04],\n       [ 3.84854832e-04,  2.26244344e-03,  1.95291278e-04,\n         5.33875897e-04,  7.81436681e-05,  3.15963818e-04,\n        -8.39742779e-04,  7.35686840e-04,  3.32087674e-04,\n         4.61047604e-04],\n       [ 4.09991464e-04,  1.95291278e-04,  2.26244344e-03,\n         8.75896942e-04,  5.53296029e-04,  5.78532173e-04,\n        -8.12543649e-04,  9.16646300e-04,  9.88306466e-04,\n         8.60986936e-04],\n       [ 7.43024532e-04,  5.33875897e-04,  8.75896942e-04,\n         2.26244344e-03,  5.37095707e-04,  4.11018845e-04,\n        -3.95984953e-04,  5.70735138e-04,  8.71619941e-04,\n         8.64863524e-04],\n       [ 5.76075363e-04,  7.81436681e-05,  5.53296029e-04,\n         5.37095707e-04,  2.26244344e-03,  1.98624860e-03,\n         1.14123444e-04,  1.20107387e-03,  1.14191955e-03,\n         7.21513517e-04],\n       [ 4.85657822e-04,  3.15963818e-04,  5.78532173e-04,\n         4.11018845e-04,  1.98624860e-03,  2.26244344e-03,\n        -4.35178804e-04,  1.46159754e-03,  7.05209771e-04,\n         6.43725252e-04],\n       [-1.66537610e-04, -8.39742779e-04, -8.12543649e-04,\n        -3.95984953e-04,  1.14123444e-04, -4.35178804e-04,\n         2.26244344e-03, -1.63587682e-03, -8.82911001e-04,\n        -6.06282301e-04],\n       [ 4.51539453e-04,  7.35686840e-04,  9.16646300e-04,\n         5.70735138e-04,  1.20107387e-03,  1.46159754e-03,\n        -1.63587682e-03,  2.26244344e-03,  1.36865420e-03,\n         9.24190041e-04],\n       [ 5.99807266e-04,  3.32087674e-04,  9.88306466e-04,\n         8.71619941e-04,  1.14191955e-03,  7.05209771e-04,\n        -8.82911001e-04,  1.36865420e-03,  2.26244344e-03,\n         1.02931412e-03],\n       [ 6.68381342e-04,  4.61047604e-04,  8.60986936e-04,\n         8.64863524e-04,  7.21513517e-04,  6.43725252e-04,\n        -6.06282301e-04,  9.24190041e-04,  1.02931412e-03,\n         2.26244344e-03]])", 0.020900916755115875]}, "name": "_ledoit_wolf"}
{"types": {}, "values": {"inputs": {"self": {}, "args": {"X": "array([[ 0.03807591],\n       [-0.00188202],\n       [ 0.08529891],\n       [-0.08906294],\n       [ 0.00538306],\n       [-0.09269548],\n       [-0.04547248],\n       [ 0.06350368],\n       [ 0.04170844],\n       [-0.07090025],\n       [-0.09632802],\n       [ 0.02717829],\n       [ 0.01628068],\n       [ 0.00538306],\n       [ 0.04534098],\n       [-0.05273755],\n       [-0.00551455],\n       [ 0.07076875],\n       [-0.0382074 ],\n       [-0.02730979],\n       [-0.04910502],\n       [-0.0854304 ],\n       [-0.0854304 ],\n       [ 0.04534098],\n       [-0.06363517],\n       [-0.06726771],\n       [-0.10722563],\n       [-0.02367725],\n       [ 0.05260606],\n       [ 0.06713621],\n       [-0.06000263],\n       [-0.02367725],\n       [ 0.03444337],\n       [ 0.03081083],\n       [ 0.01628068],\n       [ 0.04897352],\n       [ 0.01264814],\n       [-0.00914709],\n       [-0.00188202],\n       [-0.00188202],\n       [ 0.00538306],\n       [-0.09996055],\n       [-0.06000263],\n       [ 0.01991321],\n       [ 0.04534098],\n       [ 0.02717829],\n       [-0.05637009],\n       [-0.07816532],\n       [ 0.06713621],\n       [-0.04183994],\n       [ 0.03444337],\n       [ 0.05987114],\n       [-0.05273755],\n       [-0.00914709],\n       [-0.04910502],\n       [-0.04183994],\n       [-0.04183994],\n       [-0.02730979],\n       [ 0.04170844],\n       [ 0.06350368],\n       [-0.07090025],\n       [-0.04183994],\n       [-0.02730979],\n       [-0.03457486],\n       [ 0.06713621],\n       [-0.04547248],\n       [-0.00914709],\n       [ 0.04170844],\n       [ 0.03807591],\n       [ 0.01628068],\n       [-0.00188202],\n       [-0.00188202],\n       [ 0.06350368],\n       [ 0.01264814],\n       [ 0.01264814],\n       [-0.00914709],\n       [-0.03094232],\n       [-0.09632802],\n       [ 0.00538306],\n       [-0.10359309],\n       [ 0.07076875],\n       [ 0.01264814],\n       [-0.01641217],\n       [-0.0382074 ],\n       [ 0.00175052],\n       [ 0.04534098],\n       [-0.07090025],\n       [ 0.04534098],\n       [-0.05273755],\n       [-0.04547248],\n       [ 0.01264814],\n       [ 0.04534098],\n       [-0.02004471],\n       [-0.04910502],\n       [-0.07816532],\n       [-0.07090025],\n       [ 0.0562386 ],\n       [-0.02730979],\n       [ 0.00175052],\n       [-0.00188202],\n       [ 0.01628068],\n       [ 0.01628068],\n       [-0.09269548],\n       [ 0.05987114],\n       [-0.02730979],\n       [ 0.02354575],\n       [-0.09632802],\n       [ 0.02717829],\n       [ 0.01991321],\n       [ 0.03807591],\n       [ 0.04170844],\n       [ 0.01991321],\n       [-0.0854304 ],\n       [ 0.01991321],\n       [ 0.02354575],\n       [-0.03094232],\n       [ 0.04897352],\n       [ 0.05987114],\n       [-0.05637009],\n       [ 0.01628068],\n       [-0.04910502],\n       [ 0.06350368],\n       [ 0.04897352],\n       [ 0.00538306],\n       [-0.00551455],\n       [-0.00551455],\n       [-0.08906294],\n       [ 0.03444337],\n       [-0.05273755],\n       [ 0.0090156 ],\n       [-0.06363517],\n       [-0.09632802],\n       [ 0.01628068],\n       [-0.04183994],\n       [-0.07453279],\n       [-0.00551455],\n       [-0.09269548],\n       [ 0.00538306],\n       [ 0.03444337],\n       [ 0.02354575],\n       [ 0.04170844],\n       [-0.02730979],\n       [ 0.04170844],\n       [-0.03094232],\n       [ 0.03081083],\n       [-0.04183994],\n       [-0.03094232],\n       [-0.05637009],\n       [-0.06000263],\n       [-0.04910502],\n       [ 0.02354575],\n       [ 0.00175052],\n       [-0.03457486],\n       [ 0.04170844],\n       [ 0.06713621],\n       [-0.02730979],\n       [-0.01641217],\n       [-0.00188202],\n       [-0.01277963],\n       [-0.00551455],\n       [-0.00914709],\n       [-0.04547248],\n       [-0.05273755],\n       [ 0.01628068],\n       [ 0.04534098],\n       [-0.04183994],\n       [-0.05637009],\n       [ 0.07076875],\n       [ 0.00175052],\n       [-0.00188202],\n       [ 0.02354575],\n       [-0.02004471],\n       [ 0.04170844],\n       [-0.06363517],\n       [ 0.01628068],\n       [ 0.06713621],\n       [ 0.04534098],\n       [ 0.04897352],\n       [ 0.04170844],\n       [-0.02367725],\n       [-0.0382074 ],\n       [ 0.04897352],\n       [ 0.04534098],\n       [ 0.04534098],\n       [ 0.01628068],\n       [-0.07453279],\n       [-0.08179786],\n       [-0.06726771],\n       [ 0.00538306],\n       [-0.00188202],\n       [ 0.0090156 ],\n       [-0.00551455],\n       [ 0.0562386 ],\n       [ 0.0090156 ],\n       [-0.06726771],\n       [ 0.02717829],\n       [-0.02367725],\n       [ 0.04897352],\n       [-0.05273755],\n       [ 0.04170844],\n       [ 0.0562386 ],\n       [-0.03457486],\n       [ 0.08166637],\n       [-0.00188202],\n       [ 0.11072668],\n       [-0.03094232],\n       [ 0.00175052],\n       [ 0.0090156 ],\n       [ 0.03081083],\n       [ 0.03807591],\n       [ 0.0090156 ],\n       [ 0.09256398],\n       [ 0.06713621],\n       [ 0.00175052],\n       [ 0.03081083],\n       [ 0.02717829],\n       [ 0.01264814],\n       [ 0.07440129],\n       [-0.04183994],\n       [-0.08906294],\n       [ 0.02354575],\n       [-0.04547248],\n       [-0.02367725],\n       [-0.09996055],\n       [-0.02730979],\n       [ 0.03081083],\n       [-0.10359309],\n       [ 0.06713621],\n       [-0.05273755],\n       [-0.02730979],\n       [-0.0382074 ],\n       [ 0.0090156 ],\n       [ 0.01264814],\n       [ 0.06713621],\n       [ 0.04534098],\n       [ 0.06713621],\n       [ 0.02717829],\n       [ 0.0562386 ],\n       [ 0.03444337],\n       [ 0.02354575],\n       [ 0.04897352],\n       [ 0.03081083],\n       [-0.10359309],\n       [ 0.01628068],\n       [-0.06000263],\n       [-0.02730979],\n       [ 0.04170844],\n       [-0.08179786],\n       [-0.04183994],\n       [-0.01277963],\n       [ 0.06713621],\n       [-0.05273755],\n       [ 0.00538306],\n       [ 0.08166637],\n       [ 0.03081083],\n       [ 0.00175052],\n       [-0.04910502],\n       [-0.02730979],\n       [ 0.07803383],\n       [ 0.01264814],\n       [ 0.04170844],\n       [ 0.04897352],\n       [-0.01641217],\n       [-0.07453279],\n       [ 0.03444337],\n       [-0.03457486],\n       [-0.05273755],\n       [ 0.05987114],\n       [ 0.06350368],\n       [ 0.0090156 ],\n       [ 0.00538306],\n       [ 0.03807591],\n       [ 0.01264814],\n       [ 0.07440129],\n       [ 0.01628068],\n       [-0.00551455],\n       [ 0.01264814],\n       [-0.03457486],\n       [ 0.06713621],\n       [ 0.03807591],\n       [ 0.0090156 ],\n       [-0.09269548],\n       [ 0.07076875],\n       [-0.01641217],\n       [ 0.04170844],\n       [ 0.01264814],\n       [-0.0382074 ],\n       [ 0.04534098],\n       [ 0.07076875],\n       [-0.07453279],\n       [ 0.05987114],\n       [ 0.07440129],\n       [ 0.0090156 ],\n       [-0.07090025],\n       [ 0.02354575],\n       [-0.05273755],\n       [ 0.06713621],\n       [ 0.00175052],\n       [ 0.02354575],\n       [ 0.03807591],\n       [ 0.01628068],\n       [-0.00188202],\n       [ 0.01264814],\n       [ 0.07440129],\n       [ 0.04170844],\n       [-0.00914709],\n       [ 0.0090156 ],\n       [ 0.06713621],\n       [ 0.00175052],\n       [-0.00914709],\n       [-0.00551455],\n       [ 0.09619652],\n       [-0.07453279],\n       [ 0.05987114],\n       [-0.02367725],\n       [ 0.0090156 ],\n       [ 0.01628068],\n       [ 0.01991321],\n       [ 0.08893144],\n       [ 0.01991321],\n       [-0.02367725],\n       [ 0.09619652],\n       [ 0.02354575],\n       [ 0.07076875],\n       [ 0.03081083],\n       [-0.00188202],\n       [ 0.04534098],\n       [ 0.07440129],\n       [-0.0382074 ],\n       [-0.01277963],\n       [ 0.0090156 ],\n       [ 0.08166637],\n       [ 0.03081083],\n       [ 0.02717829],\n       [-0.06000263],\n       [ 0.00538306],\n       [-0.02004471],\n       [ 0.01991321],\n       [-0.06363517],\n       [ 0.02717829],\n       [-0.01641217],\n       [ 0.03081083],\n       [ 0.0562386 ],\n       [-0.02004471],\n       [-0.10722563],\n       [ 0.08166637],\n       [ 0.00538306],\n       [ 0.03807591],\n       [ 0.03081083],\n       [ 0.00175052],\n       [-0.02730979],\n       [-0.0854304 ],\n       [ 0.01264814],\n       [-0.05273755],\n       [-0.02367725],\n       [-0.07453279],\n       [-0.00551455],\n       [-0.06000263],\n       [-0.02004471],\n       [ 0.03807591],\n       [ 0.01628068],\n       [ 0.04170844],\n       [ 0.01991321],\n       [-0.04910502],\n       [ 0.00175052],\n       [ 0.03444337],\n       [-0.04547248],\n       [-0.00914709],\n       [-0.01641217],\n       [-0.00914709],\n       [ 0.01991321],\n       [ 0.05260606],\n       [-0.02730979],\n       [-0.07453279],\n       [-0.10722563],\n       [ 0.04534098],\n       [-0.00188202],\n       [ 0.01991321],\n       [ 0.01628068],\n       [-0.00188202],\n       [ 0.01628068],\n       [-0.07090025],\n       [ 0.04897352],\n       [ 0.00538306],\n       [ 0.03444337],\n       [ 0.02354575],\n       [ 0.01991321],\n       [-0.04547248],\n       [ 0.05260606],\n       [-0.00551455],\n       [ 0.0090156 ],\n       [-0.02367725],\n       [-0.04183994],\n       [-0.07453279],\n       [ 0.03444337],\n       [-0.06000263],\n       [-0.0854304 ],\n       [ 0.05260606],\n       [ 0.01264814],\n       [ 0.05987114],\n       [-0.02367725],\n       [ 0.01628068],\n       [ 0.11072668],\n       [-0.02004471],\n       [-0.01641217],\n       [ 0.04897352],\n       [-0.05637009],\n       [ 0.02717829],\n       [ 0.06350368],\n       [-0.05273755],\n       [-0.00914709],\n       [ 0.00538306],\n       [ 0.07440129],\n       [-0.05273755],\n       [ 0.08166637],\n       [-0.00551455],\n       [-0.02730979],\n       [-0.05273755],\n       [ 0.0090156 ],\n       [-0.02004471],\n       [ 0.02354575],\n       [ 0.03807591],\n       [-0.07816532],\n       [ 0.0090156 ],\n       [ 0.00175052],\n       [-0.07816532],\n       [ 0.03081083],\n       [-0.03457486],\n       [ 0.04897352],\n       [-0.04183994],\n       [-0.00914709],\n       [ 0.07076875],\n       [ 0.0090156 ],\n       [-0.02730979],\n       [ 0.01628068],\n       [-0.01277963],\n       [-0.05637009],\n       [ 0.04170844],\n       [-0.00551455],\n       [ 0.04170844],\n       [-0.04547248],\n       [-0.04547248]])", "assume_centered": true, "block_size": 1000}, "kwargs": {}}, "return": ["array([[0.00226244]])", 0.0]}, "name": "_ledoit_wolf"}
{"types": {}, "values": {"inputs": {"self": {}, "args": {"X": "array([[ 0.03807591],\n       [-0.00188202],\n       [ 0.08529891],\n       [-0.08906294],\n       [ 0.00538306],\n       [-0.09269548],\n       [-0.04547248],\n       [ 0.06350368],\n       [ 0.04170844],\n       [-0.07090025],\n       [-0.09632802],\n       [ 0.02717829],\n       [ 0.01628068],\n       [ 0.00538306],\n       [ 0.04534098],\n       [-0.05273755],\n       [-0.00551455],\n       [ 0.07076875],\n       [-0.0382074 ],\n       [-0.02730979],\n       [-0.04910502],\n       [-0.0854304 ],\n       [-0.0854304 ],\n       [ 0.04534098],\n       [-0.06363517],\n       [-0.06726771],\n       [-0.10722563],\n       [-0.02367725],\n       [ 0.05260606],\n       [ 0.06713621],\n       [-0.06000263],\n       [-0.02367725],\n       [ 0.03444337],\n       [ 0.03081083],\n       [ 0.01628068],\n       [ 0.04897352],\n       [ 0.01264814],\n       [-0.00914709],\n       [-0.00188202],\n       [-0.00188202],\n       [ 0.00538306],\n       [-0.09996055],\n       [-0.06000263],\n       [ 0.01991321],\n       [ 0.04534098],\n       [ 0.02717829],\n       [-0.05637009],\n       [-0.07816532],\n       [ 0.06713621],\n       [-0.04183994],\n       [ 0.03444337],\n       [ 0.05987114],\n       [-0.05273755],\n       [-0.00914709],\n       [-0.04910502],\n       [-0.04183994],\n       [-0.04183994],\n       [-0.02730979],\n       [ 0.04170844],\n       [ 0.06350368],\n       [-0.07090025],\n       [-0.04183994],\n       [-0.02730979],\n       [-0.03457486],\n       [ 0.06713621],\n       [-0.04547248],\n       [-0.00914709],\n       [ 0.04170844],\n       [ 0.03807591],\n       [ 0.01628068],\n       [-0.00188202],\n       [-0.00188202],\n       [ 0.06350368],\n       [ 0.01264814],\n       [ 0.01264814],\n       [-0.00914709],\n       [-0.03094232],\n       [-0.09632802],\n       [ 0.00538306],\n       [-0.10359309],\n       [ 0.07076875],\n       [ 0.01264814],\n       [-0.01641217],\n       [-0.0382074 ],\n       [ 0.00175052],\n       [ 0.04534098],\n       [-0.07090025],\n       [ 0.04534098],\n       [-0.05273755],\n       [-0.04547248],\n       [ 0.01264814],\n       [ 0.04534098],\n       [-0.02004471],\n       [-0.04910502],\n       [-0.07816532],\n       [-0.07090025],\n       [ 0.0562386 ],\n       [-0.02730979],\n       [ 0.00175052],\n       [-0.00188202],\n       [ 0.01628068],\n       [ 0.01628068],\n       [-0.09269548],\n       [ 0.05987114],\n       [-0.02730979],\n       [ 0.02354575],\n       [-0.09632802],\n       [ 0.02717829],\n       [ 0.01991321],\n       [ 0.03807591],\n       [ 0.04170844],\n       [ 0.01991321],\n       [-0.0854304 ],\n       [ 0.01991321],\n       [ 0.02354575],\n       [-0.03094232],\n       [ 0.04897352],\n       [ 0.05987114],\n       [-0.05637009],\n       [ 0.01628068],\n       [-0.04910502],\n       [ 0.06350368],\n       [ 0.04897352],\n       [ 0.00538306],\n       [-0.00551455],\n       [-0.00551455],\n       [-0.08906294],\n       [ 0.03444337],\n       [-0.05273755],\n       [ 0.0090156 ],\n       [-0.06363517],\n       [-0.09632802],\n       [ 0.01628068],\n       [-0.04183994],\n       [-0.07453279],\n       [-0.00551455],\n       [-0.09269548],\n       [ 0.00538306],\n       [ 0.03444337],\n       [ 0.02354575],\n       [ 0.04170844],\n       [-0.02730979],\n       [ 0.04170844],\n       [-0.03094232],\n       [ 0.03081083],\n       [-0.04183994],\n       [-0.03094232],\n       [-0.05637009],\n       [-0.06000263],\n       [-0.04910502],\n       [ 0.02354575],\n       [ 0.00175052],\n       [-0.03457486],\n       [ 0.04170844],\n       [ 0.06713621],\n       [-0.02730979],\n       [-0.01641217],\n       [-0.00188202],\n       [-0.01277963],\n       [-0.00551455],\n       [-0.00914709],\n       [-0.04547248],\n       [-0.05273755],\n       [ 0.01628068],\n       [ 0.04534098],\n       [-0.04183994],\n       [-0.05637009],\n       [ 0.07076875],\n       [ 0.00175052],\n       [-0.00188202],\n       [ 0.02354575],\n       [-0.02004471],\n       [ 0.04170844],\n       [-0.06363517],\n       [ 0.01628068],\n       [ 0.06713621],\n       [ 0.04534098],\n       [ 0.04897352],\n       [ 0.04170844],\n       [-0.02367725],\n       [-0.0382074 ],\n       [ 0.04897352],\n       [ 0.04534098],\n       [ 0.04534098],\n       [ 0.01628068],\n       [-0.07453279],\n       [-0.08179786],\n       [-0.06726771],\n       [ 0.00538306],\n       [-0.00188202],\n       [ 0.0090156 ],\n       [-0.00551455],\n       [ 0.0562386 ],\n       [ 0.0090156 ],\n       [-0.06726771],\n       [ 0.02717829],\n       [-0.02367725],\n       [ 0.04897352],\n       [-0.05273755],\n       [ 0.04170844],\n       [ 0.0562386 ],\n       [-0.03457486],\n       [ 0.08166637],\n       [-0.00188202],\n       [ 0.11072668],\n       [-0.03094232],\n       [ 0.00175052],\n       [ 0.0090156 ],\n       [ 0.03081083],\n       [ 0.03807591],\n       [ 0.0090156 ],\n       [ 0.09256398],\n       [ 0.06713621],\n       [ 0.00175052],\n       [ 0.03081083],\n       [ 0.02717829],\n       [ 0.01264814],\n       [ 0.07440129],\n       [-0.04183994],\n       [-0.08906294],\n       [ 0.02354575],\n       [-0.04547248],\n       [-0.02367725],\n       [-0.09996055],\n       [-0.02730979],\n       [ 0.03081083],\n       [-0.10359309],\n       [ 0.06713621],\n       [-0.05273755],\n       [-0.02730979],\n       [-0.0382074 ],\n       [ 0.0090156 ],\n       [ 0.01264814],\n       [ 0.06713621],\n       [ 0.04534098],\n       [ 0.06713621],\n       [ 0.02717829],\n       [ 0.0562386 ],\n       [ 0.03444337],\n       [ 0.02354575],\n       [ 0.04897352],\n       [ 0.03081083],\n       [-0.10359309],\n       [ 0.01628068],\n       [-0.06000263],\n       [-0.02730979],\n       [ 0.04170844],\n       [-0.08179786],\n       [-0.04183994],\n       [-0.01277963],\n       [ 0.06713621],\n       [-0.05273755],\n       [ 0.00538306],\n       [ 0.08166637],\n       [ 0.03081083],\n       [ 0.00175052],\n       [-0.04910502],\n       [-0.02730979],\n       [ 0.07803383],\n       [ 0.01264814],\n       [ 0.04170844],\n       [ 0.04897352],\n       [-0.01641217],\n       [-0.07453279],\n       [ 0.03444337],\n       [-0.03457486],\n       [-0.05273755],\n       [ 0.05987114],\n       [ 0.06350368],\n       [ 0.0090156 ],\n       [ 0.00538306],\n       [ 0.03807591],\n       [ 0.01264814],\n       [ 0.07440129],\n       [ 0.01628068],\n       [-0.00551455],\n       [ 0.01264814],\n       [-0.03457486],\n       [ 0.06713621],\n       [ 0.03807591],\n       [ 0.0090156 ],\n       [-0.09269548],\n       [ 0.07076875],\n       [-0.01641217],\n       [ 0.04170844],\n       [ 0.01264814],\n       [-0.0382074 ],\n       [ 0.04534098],\n       [ 0.07076875],\n       [-0.07453279],\n       [ 0.05987114],\n       [ 0.07440129],\n       [ 0.0090156 ],\n       [-0.07090025],\n       [ 0.02354575],\n       [-0.05273755],\n       [ 0.06713621],\n       [ 0.00175052],\n       [ 0.02354575],\n       [ 0.03807591],\n       [ 0.01628068],\n       [-0.00188202],\n       [ 0.01264814],\n       [ 0.07440129],\n       [ 0.04170844],\n       [-0.00914709],\n       [ 0.0090156 ],\n       [ 0.06713621],\n       [ 0.00175052],\n       [-0.00914709],\n       [-0.00551455],\n       [ 0.09619652],\n       [-0.07453279],\n       [ 0.05987114],\n       [-0.02367725],\n       [ 0.0090156 ],\n       [ 0.01628068],\n       [ 0.01991321],\n       [ 0.08893144],\n       [ 0.01991321],\n       [-0.02367725],\n       [ 0.09619652],\n       [ 0.02354575],\n       [ 0.07076875],\n       [ 0.03081083],\n       [-0.00188202],\n       [ 0.04534098],\n       [ 0.07440129],\n       [-0.0382074 ],\n       [-0.01277963],\n       [ 0.0090156 ],\n       [ 0.08166637],\n       [ 0.03081083],\n       [ 0.02717829],\n       [-0.06000263],\n       [ 0.00538306],\n       [-0.02004471],\n       [ 0.01991321],\n       [-0.06363517],\n       [ 0.02717829],\n       [-0.01641217],\n       [ 0.03081083],\n       [ 0.0562386 ],\n       [-0.02004471],\n       [-0.10722563],\n       [ 0.08166637],\n       [ 0.00538306],\n       [ 0.03807591],\n       [ 0.03081083],\n       [ 0.00175052],\n       [-0.02730979],\n       [-0.0854304 ],\n       [ 0.01264814],\n       [-0.05273755],\n       [-0.02367725],\n       [-0.07453279],\n       [-0.00551455],\n       [-0.06000263],\n       [-0.02004471],\n       [ 0.03807591],\n       [ 0.01628068],\n       [ 0.04170844],\n       [ 0.01991321],\n       [-0.04910502],\n       [ 0.00175052],\n       [ 0.03444337],\n       [-0.04547248],\n       [-0.00914709],\n       [-0.01641217],\n       [-0.00914709],\n       [ 0.01991321],\n       [ 0.05260606],\n       [-0.02730979],\n       [-0.07453279],\n       [-0.10722563],\n       [ 0.04534098],\n       [-0.00188202],\n       [ 0.01991321],\n       [ 0.01628068],\n       [-0.00188202],\n       [ 0.01628068],\n       [-0.07090025],\n       [ 0.04897352],\n       [ 0.00538306],\n       [ 0.03444337],\n       [ 0.02354575],\n       [ 0.01991321],\n       [-0.04547248],\n       [ 0.05260606],\n       [-0.00551455],\n       [ 0.0090156 ],\n       [-0.02367725],\n       [-0.04183994],\n       [-0.07453279],\n       [ 0.03444337],\n       [-0.06000263],\n       [-0.0854304 ],\n       [ 0.05260606],\n       [ 0.01264814],\n       [ 0.05987114],\n       [-0.02367725],\n       [ 0.01628068],\n       [ 0.11072668],\n       [-0.02004471],\n       [-0.01641217],\n       [ 0.04897352],\n       [-0.05637009],\n       [ 0.02717829],\n       [ 0.06350368],\n       [-0.05273755],\n       [-0.00914709],\n       [ 0.00538306],\n       [ 0.07440129],\n       [-0.05273755],\n       [ 0.08166637],\n       [-0.00551455],\n       [-0.02730979],\n       [-0.05273755],\n       [ 0.0090156 ],\n       [-0.02004471],\n       [ 0.02354575],\n       [ 0.03807591],\n       [-0.07816532],\n       [ 0.0090156 ],\n       [ 0.00175052],\n       [-0.07816532],\n       [ 0.03081083],\n       [-0.03457486],\n       [ 0.04897352],\n       [-0.04183994],\n       [-0.00914709],\n       [ 0.07076875],\n       [ 0.0090156 ],\n       [-0.02730979],\n       [ 0.01628068],\n       [-0.01277963],\n       [-0.05637009],\n       [ 0.04170844],\n       [-0.00551455],\n       [ 0.04170844],\n       [-0.04547248],\n       [-0.04547248]])", "assume_centered": true, "block_size": 1000}, "kwargs": {}}, "return": ["array([[0.00226244]])", 0.0]}, "name": "_ledoit_wolf"}
{"types": {}, "values": {"inputs": {"self": {}, "args": {"X": "array([[ 0.03807591,  0.05068012,  0.06169621, ..., -0.00259226,\n         0.01990749, -0.01764613],\n       [-0.00188202, -0.04464164, -0.05147406, ..., -0.03949338,\n        -0.06833155, -0.09220405],\n       [ 0.08529891,  0.05068012,  0.04445121, ..., -0.00259226,\n         0.00286131, -0.02593034],\n       ...,\n       [ 0.04170844,  0.05068012, -0.01590626, ..., -0.01107952,\n        -0.04688253,  0.01549073],\n       [-0.04547248, -0.04464164,  0.03906215, ...,  0.02655962,\n         0.04452873, -0.02593034],\n       [-0.04547248, -0.04464164, -0.0730303 , ..., -0.03949338,\n        -0.00422151,  0.00306441]], shape=(442, 10))", "assume_centered": true, "block_size": 1000}, "kwargs": {}}, "return": ["array([[ 2.26244344e-03,  3.84854832e-04,  4.09991464e-04,\n         7.43024532e-04,  5.76075363e-04,  4.85657822e-04,\n        -1.66537610e-04,  4.51539453e-04,  5.99807266e-04,\n         6.68381342e-04],\n       [ 3.84854832e-04,  2.26244344e-03,  1.95291278e-04,\n         5.33875897e-04,  7.81436681e-05,  3.15963818e-04,\n        -8.39742779e-04,  7.35686840e-04,  3.32087674e-04,\n         4.61047604e-04],\n       [ 4.09991464e-04,  1.95291278e-04,  2.26244344e-03,\n         8.75896942e-04,  5.53296029e-04,  5.78532173e-04,\n        -8.12543649e-04,  9.16646300e-04,  9.88306466e-04,\n         8.60986936e-04],\n       [ 7.43024532e-04,  5.33875897e-04,  8.75896942e-04,\n         2.26244344e-03,  5.37095707e-04,  4.11018845e-04,\n        -3.95984953e-04,  5.70735138e-04,  8.71619941e-04,\n         8.64863524e-04],\n       [ 5.76075363e-04,  7.81436681e-05,  5.53296029e-04,\n         5.37095707e-04,  2.26244344e-03,  1.98624860e-03,\n         1.14123444e-04,  1.20107387e-03,  1.14191955e-03,\n         7.21513517e-04],\n       [ 4.85657822e-04,  3.15963818e-04,  5.78532173e-04,\n         4.11018845e-04,  1.98624860e-03,  2.26244344e-03,\n        -4.35178804e-04,  1.46159754e-03,  7.05209771e-04,\n         6.43725252e-04],\n       [-1.66537610e-04, -8.39742779e-04, -8.12543649e-04,\n        -3.95984953e-04,  1.14123444e-04, -4.35178804e-04,\n         2.26244344e-03, -1.63587682e-03, -8.82911001e-04,\n        -6.06282301e-04],\n       [ 4.51539453e-04,  7.35686840e-04,  9.16646300e-04,\n         5.70735138e-04,  1.20107387e-03,  1.46159754e-03,\n        -1.63587682e-03,  2.26244344e-03,  1.36865420e-03,\n         9.24190041e-04],\n       [ 5.99807266e-04,  3.32087674e-04,  9.88306466e-04,\n         8.71619941e-04,  1.14191955e-03,  7.05209771e-04,\n        -8.82911001e-04,  1.36865420e-03,  2.26244344e-03,\n         1.02931412e-03],\n       [ 6.68381342e-04,  4.61047604e-04,  8.60986936e-04,\n         8.64863524e-04,  7.21513517e-04,  6.43725252e-04,\n        -6.06282301e-04,  9.24190041e-04,  1.02931412e-03,\n         2.26244344e-03]])", 0.020900916755115875]}, "name": "_ledoit_wolf"}
