{"types": {}, "values": {"inputs": {"self": {}, "args": {"data": "array([[ 4.37365148e+01,  4.38096622e+01,  4.36505229e+01,\n         4.36560937e+01,  4.36514727e+01,  4.36162024e+01,\n         4.34473558e+01,  9.50369682e-02,  8.16445081e-02,\n        -1.52387600e-01, -4.28046064e-02, -7.42406837e-02,\n        -7.03343802e-02, -2.13962066e-01, -6.29474961e-02,\n         5.97720467e-02,  2.55948803e-01,  3.94233022e-02,\n         1.22219165e-02, -5.15435662e-02, -6.00253850e-02,\n         9.47439821e-02,  2.91034001e-02, -6.35559740e-02,\n        -1.02155219e-01, -1.61755386e-02, -5.33648804e-02,\n        -5.52786232e-04, -2.29450454e-02,  3.89348913e-02],\n       [ 4.35820988e+01,  4.38178099e+01,  4.39864420e+01,\n         4.38279747e+01,  4.37304745e+01,  4.37967868e+01,\n         4.36077022e+01, -1.58329421e-01,  7.73700417e-02,\n        -5.38141662e-02, -1.34667810e-01, -8.80591266e-02,\n        -1.13055230e-01,  1.34428883e-02,  5.82122795e-02,\n         8.87748460e-02,  8.94332330e-02,  7.54997797e-02,\n        -2.07165890e-02, -6.23477395e-02, -1.50815329e-01,\n         1.09964698e-01, -1.77732121e-02, -4.10383309e-02,\n         1.17971634e-01, -8.98207939e-02,  8.34795419e-02,\n         2.96561384e-02, -1.03782988e-01, -7.58037450e-03],\n       [ 4.38059070e+01,  4.37881702e+01,  4.38581541e+01,\n         4.37424288e+01,  4.40458403e+01,  4.36165716e+01,\n         4.36687469e+01, -6.08640875e-03, -1.41875046e-01,\n         1.04249162e-01,  9.03532491e-02,  1.90003311e-03,\n        -5.34416454e-02, -1.49505387e-01, -7.89258329e-02,\n         7.43711284e-02, -2.12161422e-02, -4.26868794e-02,\n         5.01448332e-02,  1.15818665e-01,  2.57116870e-02,\n         3.14512896e-02,  1.37186213e-01,  1.75553294e-02,\n        -3.09288546e-02,  6.73125503e-02, -2.56630183e-02,\n        -3.67825724e-02,  1.27373362e-01, -2.91952671e-02],\n       [ 4.34430931e+01,  4.37431625e+01,  4.36690591e+01,\n         4.36796970e+01,  4.37539043e+01,  4.36920046e+01,\n         4.37301046e+01, -2.02231493e-01, -9.43056808e-02,\n         1.40395874e-01, -1.85508045e-03, -1.67350462e-01,\n        -1.07253183e-01, -9.92586179e-02,  1.02347683e-02,\n        -4.32609281e-02, -6.59182302e-02,  3.93730443e-04,\n         4.77754099e-02, -2.59028645e-02, -5.74709208e-02,\n        -4.21498220e-02,  3.39820964e-02, -7.38014994e-04,\n         7.67296839e-02, -1.14979258e-01, -7.75336106e-02,\n         7.73140856e-02, -8.01827843e-02,  1.38401572e-01],\n       [ 4.38491312e+01,  4.38478433e+01,  4.36205466e+01,\n         4.37163002e+01,  4.36592674e+01,  4.38009270e+01,\n         4.38792712e+01,  8.73589416e-02,  9.14434574e-04,\n        -3.65539297e-02,  6.49086733e-02, -1.22287354e-01,\n         5.36336032e-02, -9.14690931e-02,  6.20548216e-02,\n        -1.60937377e-02, -3.88264399e-02, -8.85512374e-02,\n        -3.56745026e-02,  5.56121799e-02,  1.04386061e-01,\n         5.26448161e-02,  1.36388652e-01,  2.53916272e-01,\n        -3.24490958e-02, -2.05866717e-02, -1.44004145e-01,\n         1.19072726e-01,  1.29939681e-01, -8.67146156e-02],\n       [ 4.37703748e+01,  4.38303178e+01,  4.37312395e+01,\n         4.37933508e+01,  4.37260940e+01,  4.35869252e+01,\n         4.38135454e+01,  1.32510566e-01,  7.34501065e-02,\n        -9.54497262e-02, -7.51179425e-02, -1.13042805e-01,\n         7.69977360e-02,  1.26838952e-01,  4.24486244e-02,\n         9.40535585e-02, -8.67641090e-02,  1.45861852e-02,\n        -1.36987106e-01, -7.71780749e-02,  8.78673548e-02,\n        -2.39594508e-02,  1.20938197e-01,  5.37960004e-02,\n         2.73442216e-01,  9.37654302e-03, -1.40640527e-01,\n        -3.45296561e-03, -9.63015626e-02,  9.77180001e-02],\n       [ 4.37128087e+01,  4.36948835e+01,  4.36961975e+01,\n         4.37826448e+01,  4.36633645e+01,  4.37863157e+01,\n         4.38131678e+01, -3.42141713e-02, -9.26046619e-02,\n        -5.12965318e-02,  7.10109240e-02,  9.24788716e-03,\n         6.30074939e-02,  1.76293747e-01,  2.30953723e-02,\n        -8.08936891e-02,  1.05742351e-01,  5.13608595e-03,\n         8.72447158e-02,  1.06619854e-01, -9.59008096e-02,\n         1.38200460e-01,  9.05121960e-02, -6.03904372e-02,\n         3.04449120e-02,  2.57207491e-02,  2.39318145e-03,\n         8.71913989e-02,  1.43735633e-01,  7.30637274e-04],\n       [ 4.38416988e+01,  4.38074310e+01,  4.37318403e+01,\n         4.37262288e+01,  4.35933542e+01,  4.35585339e+01,\n         4.37251130e+01, -8.55928918e-02, -3.96361420e-03,\n        -5.34662742e-02, -1.78849650e-01,  3.57304542e-02,\n        -4.14531805e-02,  8.01987125e-03, -8.93120274e-02,\n        -3.34817247e-02,  1.56038014e-01,  1.28551000e-02,\n         5.49576345e-02, -1.27087181e-01,  2.38903596e-01,\n         1.84341376e-01,  1.36343549e-01,  8.28765978e-02,\n         1.51432783e-03,  4.42074017e-02,  1.04801974e-01,\n        -6.28569747e-02, -4.44498744e-02, -1.66913236e-01],\n       [ 4.36314288e+01,  4.38747409e+01,  4.36751860e+01,\n         4.36768260e+01,  4.37403874e+01,  4.35473880e+01,\n         4.38031489e+01,  1.26640686e-01,  3.77296265e-02,\n         1.65135099e-01, -1.32683177e-01,  1.84371580e-01,\n        -7.30741403e-02, -1.27991973e-01, -2.37391961e-02,\n         1.87200568e-01, -1.94421409e-03, -9.32591657e-02,\n        -1.29494247e-01, -1.05118505e-02, -1.99496157e-01,\n        -1.30019284e-01,  1.54306765e-01,  1.32326381e-01,\n        -1.28412147e-02, -4.65664771e-02,  5.85089023e-03,\n         2.34799693e-01,  4.04975509e-02,  9.09738175e-02],\n       [ 4.36883649e+01,  4.37147004e+01,  4.37733270e+01,\n         4.37212202e+01,  4.35188730e+01,  4.38366648e+01,\n         4.36470973e+01,  2.11131764e-01,  6.86848513e-02,\n         7.09724156e-03,  4.39327140e-02, -1.08497889e-02,\n        -4.86432766e-02,  2.07598261e-02,  8.84990467e-02,\n        -4.64529749e-02, -6.22237165e-02, -3.55488641e-02,\n         9.52011094e-02,  1.45255025e-01,  3.62013912e-02,\n         5.81314134e-02, -6.29700857e-02,  8.76754650e-02,\n         5.51737010e-02, -7.10127958e-02, -1.78767161e-01,\n        -1.22057010e-01, -6.69202728e-02,  1.16193732e-01],\n       [ 4.38638967e+01,  4.36646589e+01,  4.36678192e+01,\n         4.37347730e+01,  4.37098253e+01,  4.38017041e+01,\n         4.36562919e+01,  9.49142988e-02, -2.39224798e-02,\n         8.53974711e-02, -2.71040462e-02, -6.13094683e-02,\n         1.91231764e-01,  1.06522708e-01, -1.79204510e-01,\n        -4.46773512e-02,  1.20492292e-01, -1.19666047e-01,\n         7.70678330e-02,  6.67056103e-02, -6.99146578e-02,\n        -8.81704625e-04, -2.09001775e-01,  1.77043152e-01,\n        -3.09092509e-02,  8.03813051e-02,  6.13841341e-02,\n         1.35788079e-01, -4.33303407e-02,  2.03822728e-02],\n       [ 5.59109203e-02,  8.72541591e-02,  1.15435434e-01,\n        -4.77381731e-02, -6.64227443e-02,  1.36011137e-01,\n        -2.03707593e-01,  9.57212908e+01,  9.55340552e+01,\n         9.55638313e+01,  9.54960533e+01,  9.55594680e+01,\n         9.56914014e+01,  9.56413739e+01,  9.56135562e+01,\n         8.88730061e-03, -1.44560997e-01, -8.44136914e-02,\n        -3.43201237e-02,  4.57676454e-02,  6.96526645e-03,\n         9.83504306e-02,  4.73627388e-02,  5.43505779e-03,\n         2.27576130e-01,  4.06226685e-02, -4.31942202e-02,\n         1.85996701e-01,  1.20041155e-01,  1.81608779e-01],\n       [-1.10931936e-02,  9.76309126e-02, -1.45284946e-01,\n         7.84006411e-02, -1.57723958e-02, -1.35505796e-01,\n         1.03260040e-01,  9.53832744e+01,  9.53730169e+01,\n         9.56005352e+01,  9.56214223e+01,  9.56613400e+01,\n         9.56384839e+01,  9.57119534e+01,  9.56343119e+01,\n        -1.32299444e-02, -7.36111158e-03, -2.82221189e-02,\n         2.95477524e-02, -1.09734587e-01,  3.40922199e-02,\n        -8.64135068e-03,  2.75635158e-02,  2.78723035e-02,\n        -2.45226460e-01, -9.01293819e-02, -1.08628664e-02,\n        -5.54849583e-03,  2.59389309e-02,  3.02348290e-02],\n       [ 1.51623332e-01,  3.12458481e-02, -3.13023708e-02,\n        -1.59912347e-01, -1.36859012e-01,  5.35491810e-02,\n         1.06044681e-01,  9.57184247e+01,  9.54814983e+01,\n         9.55339011e+01,  9.55885209e+01,  9.57690275e+01,\n         9.55757737e+01,  9.57194139e+01,  9.55812849e+01,\n         1.15324519e-01,  1.02657985e-01,  1.66088133e-02,\n        -1.02038325e-01, -2.69094438e-02,  1.48904517e-01,\n         8.77825168e-02, -4.33650327e-02, -3.42308639e-02,\n        -1.73087310e-01,  1.44433879e-01,  8.86063560e-02,\n        -1.37077821e-02,  2.00134419e-02, -2.17086583e-01],\n       [-4.86714496e-02,  1.33444564e-01,  9.81547377e-02,\n         3.30700557e-02, -1.47182586e-03,  7.96405430e-02,\n        -2.81385107e-02,  9.53978183e+01,  9.55636677e+01,\n         9.56045995e+01,  9.56765553e+01,  9.54201680e+01,\n         9.55519964e+01,  9.55567572e+01,  9.54541624e+01,\n         4.87673275e-02,  7.47368032e-02, -2.90692308e-02,\n         2.05509261e-01, -3.19360008e-02, -4.46683471e-02,\n        -4.75671348e-02, -8.15499073e-02, -5.59025493e-02,\n        -1.43408887e-01, -1.91532824e-02,  5.74740030e-03,\n        -2.28280249e-01, -1.01949512e-02,  4.21340817e-03],\n       [ 5.14588991e-02,  1.20463507e-01,  8.51354265e-02,\n        -6.20363723e-02, -7.36412172e-02,  5.79504402e-02,\n        -5.47279836e-02,  9.54414822e+01,  9.58017018e+01,\n         9.55332152e+01,  9.55016352e+01,  9.53450746e+01,\n         9.56494278e+01,  9.54654940e+01,  9.55671496e+01,\n         9.68623156e-02, -9.72268548e-02,  7.94824518e-03,\n         1.52378741e-01, -2.45674706e-01, -8.10505847e-02,\n        -9.04541884e-02, -1.86905123e-02, -4.77908774e-03,\n        -1.06126263e-01, -6.54373346e-02, -7.73224970e-02,\n        -3.50789245e-02,  2.18222733e-02,  9.10564122e-02],\n       [ 1.05533100e-01,  6.53634261e-02, -8.73974119e-02,\n        -3.29592033e-04,  2.37432940e-01,  1.01453269e-01,\n        -4.40504559e-02,  9.57224914e+01,  9.55254807e+01,\n         9.54974474e+01,  9.57038608e+01,  9.54333226e+01,\n         9.53729098e+01,  9.56584160e+01,  9.55670567e+01,\n         1.27365479e-02, -3.61422839e-02, -2.38493367e-02,\n        -4.58109903e-02, -6.25992930e-02, -3.81910222e-02,\n        -4.13451239e-02, -8.28583771e-02, -5.45169199e-02,\n        -2.50275952e-01,  6.84642202e-02,  3.90253269e-02,\n        -8.49088325e-03,  2.37324385e-02,  2.73577403e-02],\n       [-7.24001797e-02, -5.32580302e-02,  5.28316610e-02,\n         2.07503485e-02,  2.04332049e-01,  1.61961216e-01,\n         9.33012140e-02,  9.54881141e+01,  9.55078319e+01,\n         9.54640829e+01,  9.55922633e+01,  9.52901921e+01,\n         9.55184256e+01,  9.55336159e+01,  9.54118585e+01,\n         7.97736315e-02, -1.13914173e-01,  2.67742666e-02,\n         2.78377742e-01, -1.61100561e-01, -1.48551405e-02,\n        -4.07460138e-02, -6.01968679e-02,  7.60251095e-02,\n         1.10632910e-01,  7.71638149e-02, -7.23339082e-02,\n         2.43384808e-01, -1.77024319e-01, -1.03262907e-01],\n       [ 1.69729284e-02,  8.93939191e-03,  4.88044079e-02,\n         1.58013410e-01, -1.19850919e-02,  1.13729460e-02,\n        -5.94516053e-02,  5.88328518e-02, -3.18478511e-02,\n        -3.19057021e-02,  5.43483153e-02,  1.03492093e-01,\n        -2.20810655e-01,  3.60778425e-02, -2.70203319e-02,\n         7.59742165e+01,  7.58544425e+01,  7.60095600e+01,\n         7.58118135e+01,  7.56564218e+01,  7.59846141e+01,\n         7.57951003e+01,  7.57214296e+01,  7.58810601e+01,\n         7.58555369e+01,  7.59617653e+01,  7.59686958e+01,\n         7.58890168e+01,  7.57909732e+01,  7.59081489e+01],\n       [ 1.65194380e-02,  5.68936674e-02, -8.74806714e-02,\n        -4.00372873e-02,  5.09378116e-02,  1.24732706e-01,\n         9.65922008e-02,  8.20548712e-03, -4.87395024e-02,\n         4.03820559e-02, -1.09139044e-01, -8.17001439e-02,\n         1.50977131e-01,  4.02034480e-02, -3.47526734e-02,\n         7.59623686e+01,  7.60081523e+01,  7.58349910e+01,\n         7.58367140e+01,  7.58241902e+01,  7.59758398e+01,\n         7.59768105e+01,  7.60180451e+01,  7.59803151e+01,\n         7.57162330e+01,  7.59075512e+01,  7.57736162e+01,\n         7.58281633e+01,  7.58965142e+01,  7.59630113e+01],\n       [-8.90843342e-02, -2.32471966e-01,  1.80530842e-02,\n         2.64357158e-01, -2.02846220e-02,  4.69154350e-03,\n         1.78216362e-01,  5.90274619e-02,  2.16861037e-02,\n         4.42116665e-02,  2.50243933e-02, -1.13975443e-01,\n        -1.34144516e-01,  1.88682811e-01,  1.83883352e-02,\n         7.58894643e+01,  7.58704320e+01,  7.59575621e+01,\n         7.61333239e+01,  7.59318500e+01,  7.58206461e+01,\n         7.58661147e+01,  7.59865544e+01,  7.58211747e+01,\n         7.59646794e+01,  7.56473810e+01,  7.58564668e+01,\n         7.59422688e+01,  7.60064673e+01,  7.57976073e+01],\n       [-1.50276502e-01, -2.60735165e-02, -1.12541901e-01,\n        -1.49036667e-02, -6.65345463e-04, -1.31914505e-01,\n         8.04439110e-02, -1.57213893e-02,  1.08045987e-01,\n        -1.84490524e-01, -1.01719217e-01,  5.16669309e-02,\n        -7.99110571e-02, -1.64535658e-02,  6.99117557e-05,\n         7.58952804e+01,  7.58116981e+01,  7.58943834e+01,\n         7.58012004e+01,  7.59468828e+01,  7.58679704e+01,\n         7.58949584e+01,  7.61364474e+01,  7.57687443e+01,\n         7.60183130e+01,  7.56135196e+01,  7.56716171e+01,\n         7.57553908e+01,  7.57617019e+01,  7.58998249e+01],\n       [ 2.89842264e-02, -2.54821268e-02, -1.49877967e-02,\n         5.27764761e-02,  8.33223878e-02, -1.32653902e-01,\n        -3.61890971e-02, -6.95898229e-03,  4.85315997e-02,\n        -7.72667142e-02, -8.92211756e-03,  2.99836345e-03,\n        -7.04470103e-02, -7.28315150e-02,  9.87457776e-03,\n         7.58664202e+01,  7.59295025e+01,  7.57741289e+01,\n         7.58443866e+01,  7.58565332e+01,  7.59608412e+01,\n         7.57854134e+01,  7.59029200e+01,  7.59047303e+01,\n         7.60440945e+01,  7.57787458e+01,  7.58137314e+01,\n         7.57857192e+01,  7.57124768e+01,  7.60559235e+01],\n       [-1.24150123e-01, -8.16305409e-02,  1.31576651e-01,\n        -1.75310705e-01,  7.56351569e-02, -1.41302435e-01,\n         1.24669474e-01, -2.16987769e-01, -1.75346942e-01,\n        -5.44922235e-02,  9.71822690e-02, -3.09582506e-03,\n        -3.35715073e-02,  1.34604421e-01,  2.15523954e-01,\n         7.59466805e+01,  7.58171693e+01,  7.58376405e+01,\n         7.57506100e+01,  7.58895365e+01,  7.57164955e+01,\n         7.59346411e+01,  7.60800122e+01,  7.59512139e+01,\n         7.58325400e+01,  7.59321485e+01,  7.60415081e+01,\n         7.60365042e+01,  7.57790790e+01,  7.59304844e+01],\n       [-1.58101490e-02,  8.06593248e-02,  3.83613954e-02,\n        -2.36972141e-01, -3.48013086e-02,  1.98558363e-02,\n        -1.43436497e-01,  5.81022010e-02, -1.52401524e-01,\n        -7.98439047e-02,  1.34131192e-01, -8.83777789e-02,\n         5.73966959e-02, -1.75357372e-01,  2.08131466e-01,\n         7.58489994e+01,  7.58889868e+01,  7.58973584e+01,\n         7.59402114e+01,  7.57275368e+01,  7.58789211e+01,\n         7.58135779e+01,  7.57104990e+01,  7.59781670e+01,\n         7.58442375e+01,  7.59037068e+01,  7.58974393e+01,\n         7.58459695e+01,  7.60769575e+01,  7.58747283e+01],\n       [-1.55795232e-01, -4.00381360e-02,  4.99737620e-02,\n         5.32595109e-02, -1.08778094e-01,  9.29482507e-02,\n        -1.76286693e-01,  1.14413520e-01, -1.31934789e-01,\n        -2.26245219e-02,  1.06456868e-01,  1.19605669e-02,\n         8.16698518e-02,  6.18661960e-02,  1.28626861e-01,\n         7.59856757e+01,  7.58340803e+01,  7.59427489e+01,\n         7.57267996e+01,  7.58736643e+01,  7.59613032e+01,\n         7.58928395e+01,  7.59241187e+01,  7.58581275e+01,\n         7.59923617e+01,  7.58714132e+01,  7.58329097e+01,\n         7.59681065e+01,  7.57389388e+01,  7.59295581e+01],\n       [-1.04248487e-01,  1.27792683e-01, -2.61027253e-02,\n         1.34984721e-02,  4.12570397e-02, -1.92968460e-01,\n        -6.50584842e-02,  1.04354591e-01,  8.67765024e-02,\n         2.83032205e-02, -1.34946357e-01,  5.85503461e-02,\n         7.13399590e-02,  4.70172131e-03,  1.22317095e-01,\n         7.58111116e+01,  7.58284690e+01,  7.56309936e+01,\n         7.59714375e+01,  7.59108410e+01,  7.57112727e+01,\n         7.57035949e+01,  7.57921917e+01,  7.59588206e+01,\n         7.58494187e+01,  7.57989761e+01,  7.57788432e+01,\n         7.57743636e+01,  7.56860869e+01,  7.57587152e+01],\n       [-1.07057808e-01,  6.82623236e-02, -1.65723053e-02,\n        -8.25584843e-02,  2.30972276e-01, -6.63896914e-02,\n         1.16710291e-01,  1.62110856e-01, -1.56996034e-01,\n         7.39629641e-03, -5.17533651e-02, -5.98924397e-02,\n         5.55376817e-02, -6.22870496e-02, -4.95969046e-02,\n         7.58626433e+01,  7.58421148e+01,  7.57620977e+01,\n         7.59590454e+01,  7.59843079e+01,  7.59138166e+01,\n         7.58417995e+01,  7.58089337e+01,  7.58090928e+01,\n         7.61151924e+01,  7.59732386e+01,  7.57954438e+01,\n         7.58959245e+01,  7.58432013e+01,  7.59378348e+01],\n       [ 5.43499103e-02,  1.08360965e-01, -8.50556459e-02,\n         1.04735299e-02, -1.74854698e-01, -1.25734030e-01,\n         8.84100837e-02, -9.50683791e-02, -8.40908798e-02,\n        -8.27807455e-04,  6.94761031e-02, -1.06082680e-01,\n        -3.48080883e-01, -8.70223242e-02,  1.20562808e-01,\n         7.59137683e+01,  7.60118422e+01,  7.57662731e+01,\n         7.57155151e+01,  7.59257096e+01,  7.59034570e+01,\n         7.59100102e+01,  7.59727544e+01,  7.59216233e+01,\n         7.59200165e+01,  7.59509555e+01,  7.59296964e+01,\n         7.59651994e+01,  7.59803068e+01,  7.60326236e+01],\n       [-6.49191325e-02,  4.80562107e-02, -3.70323369e-02,\n        -8.33558987e-02, -6.89540321e-02,  4.94955518e-02,\n         4.18252555e-02,  4.00412029e-02, -2.25713648e-02,\n         3.41475118e-04,  8.17752696e-02, -1.48939306e-01,\n         2.46420984e-03,  8.99561481e-03,  7.53304269e-02,\n         7.57444299e+01,  7.60289681e+01,  7.59008178e+01,\n         7.59061128e+01,  7.58393168e+01,  7.59332570e+01,\n         7.58842502e+01,  7.60003530e+01,  7.57353053e+01,\n         7.58970093e+01,  7.59203060e+01,  7.58608175e+01,\n         7.58389882e+01,  7.58431590e+01,  7.58969187e+01]])", "random_state": 42}, "kwargs": {}}, "return": ["array([[-1.07057808e-01, -6.63896914e-02,  7.59138166e+01,\n         7.57954438e+01, -6.22870496e-02,  1.62110856e-01,\n         7.58417995e+01, -5.17533651e-02,  5.55376817e-02,\n         7.59378348e+01,  7.61151924e+01,  7.58089337e+01,\n         7.58421148e+01, -8.25584843e-02,  6.82623236e-02,\n         7.57620977e+01, -1.56996034e-01,  1.16710291e-01,\n         7.58090928e+01,  2.30972276e-01, -1.65723053e-02,\n         7.59843079e+01, -5.98924397e-02,  7.59590454e+01,\n         7.59732386e+01, -4.95969046e-02,  7.58626433e+01,\n         7.58432013e+01,  7.58959245e+01,  7.39629641e-03],\n       [ 5.14588991e-02,  5.79504402e-02, -8.10505847e-02,\n        -7.73224970e-02,  9.54654940e+01,  9.54414822e+01,\n        -9.04541884e-02,  9.55016352e+01,  9.56494278e+01,\n         9.10564122e-02, -1.06126263e-01, -1.86905123e-02,\n        -9.72268548e-02, -6.20363723e-02,  1.20463507e-01,\n         7.94824518e-03,  9.58017018e+01, -5.47279836e-02,\n        -4.77908774e-03, -7.36412172e-02,  8.51354265e-02,\n        -2.45674706e-01,  9.53450746e+01,  1.52378741e-01,\n        -6.54373346e-02,  9.55671496e+01,  9.68623156e-02,\n         2.18222733e-02, -3.50789245e-02,  9.55332152e+01],\n       [-1.24150123e-01, -1.41302435e-01,  7.57164955e+01,\n         7.60415081e+01,  1.34604421e-01, -2.16987769e-01,\n         7.59346411e+01,  9.71822690e-02, -3.35715073e-02,\n         7.59304844e+01,  7.58325400e+01,  7.60800122e+01,\n         7.58171693e+01, -1.75310705e-01, -8.16305409e-02,\n         7.58376405e+01, -1.75346942e-01,  1.24669474e-01,\n         7.59512139e+01,  7.56351569e-02,  1.31576651e-01,\n         7.58895365e+01, -3.09582506e-03,  7.57506100e+01,\n         7.59321485e+01,  2.15523954e-01,  7.59466805e+01,\n         7.57790790e+01,  7.60365042e+01, -5.44922235e-02],\n       [-7.24001797e-02,  1.61961216e-01, -1.48551405e-02,\n        -7.23339082e-02,  9.55336159e+01,  9.54881141e+01,\n        -4.07460138e-02,  9.55922633e+01,  9.55184256e+01,\n        -1.03262907e-01,  1.10632910e-01, -6.01968679e-02,\n        -1.13914173e-01,  2.07503485e-02, -5.32580302e-02,\n         2.67742666e-02,  9.55078319e+01,  9.33012140e-02,\n         7.60251095e-02,  2.04332049e-01,  5.28316610e-02,\n        -1.61100561e-01,  9.52901921e+01,  2.78377742e-01,\n         7.71638149e-02,  9.54118585e+01,  7.97736315e-02,\n        -1.77024319e-01,  2.43384808e-01,  9.54640829e+01],\n       [ 4.36314288e+01,  4.35473880e+01, -1.99496157e-01,\n         5.85089023e-03, -1.27991973e-01,  1.26640686e-01,\n        -1.30019284e-01, -1.32683177e-01, -7.30741403e-02,\n         9.09738175e-02, -1.28412147e-02,  1.54306765e-01,\n        -1.94421409e-03,  4.36768260e+01,  4.38747409e+01,\n        -9.32591657e-02,  3.77296265e-02,  4.38031489e+01,\n         1.32326381e-01,  4.37403874e+01,  4.36751860e+01,\n        -1.05118505e-02,  1.84371580e-01, -1.29494247e-01,\n        -4.65664771e-02, -2.37391961e-02,  1.87200568e-01,\n         4.04975509e-02,  2.34799693e-01,  1.65135099e-01],\n       [ 4.36883649e+01,  4.38366648e+01,  3.62013912e-02,\n        -1.78767161e-01,  2.07598261e-02,  2.11131764e-01,\n         5.81314134e-02,  4.39327140e-02, -4.86432766e-02,\n         1.16193732e-01,  5.51737010e-02, -6.29700857e-02,\n        -6.22237165e-02,  4.37212202e+01,  4.37147004e+01,\n        -3.55488641e-02,  6.86848513e-02,  4.36470973e+01,\n         8.76754650e-02,  4.35188730e+01,  4.37733270e+01,\n         1.45255025e-01, -1.08497889e-02,  9.52011094e-02,\n        -7.10127958e-02,  8.84990467e-02, -4.64529749e-02,\n        -6.69202728e-02, -1.22057010e-01,  7.09724156e-03],\n       [ 5.43499103e-02, -1.25734030e-01,  7.59034570e+01,\n         7.59296964e+01, -8.70223242e-02, -9.50683791e-02,\n         7.59100102e+01,  6.94761031e-02, -3.48080883e-01,\n         7.60326236e+01,  7.59200165e+01,  7.59727544e+01,\n         7.60118422e+01,  1.04735299e-02,  1.08360965e-01,\n         7.57662731e+01, -8.40908798e-02,  8.84100837e-02,\n         7.59216233e+01, -1.74854698e-01, -8.50556459e-02,\n         7.59257096e+01, -1.06082680e-01,  7.57155151e+01,\n         7.59509555e+01,  1.20562808e-01,  7.59137683e+01,\n         7.59803068e+01,  7.59651994e+01, -8.27807455e-04],\n       [-1.58101490e-02,  1.98558363e-02,  7.58789211e+01,\n         7.58974393e+01, -1.75357372e-01,  5.81022010e-02,\n         7.58135779e+01,  1.34131192e-01,  5.73966959e-02,\n         7.58747283e+01,  7.58442375e+01,  7.57104990e+01,\n         7.58889868e+01, -2.36972141e-01,  8.06593248e-02,\n         7.58973584e+01, -1.52401524e-01, -1.43436497e-01,\n         7.59781670e+01, -3.48013086e-02,  3.83613954e-02,\n         7.57275368e+01, -8.83777789e-02,  7.59402114e+01,\n         7.59037068e+01,  2.08131466e-01,  7.58489994e+01,\n         7.60769575e+01,  7.58459695e+01, -7.98439047e-02],\n       [-1.10931936e-02, -1.35505796e-01,  3.40922199e-02,\n        -1.08628664e-02,  9.57119534e+01,  9.53832744e+01,\n        -8.64135068e-03,  9.56214223e+01,  9.56384839e+01,\n         3.02348290e-02, -2.45226460e-01,  2.75635158e-02,\n        -7.36111158e-03,  7.84006411e-02,  9.76309126e-02,\n        -2.82221189e-02,  9.53730169e+01,  1.03260040e-01,\n         2.78723035e-02, -1.57723958e-02, -1.45284946e-01,\n        -1.09734587e-01,  9.56613400e+01,  2.95477524e-02,\n        -9.01293819e-02,  9.56343119e+01, -1.32299444e-02,\n         2.59389309e-02, -5.54849583e-03,  9.56005352e+01],\n       [ 4.37365148e+01,  4.36162024e+01, -6.00253850e-02,\n        -5.33648804e-02, -2.13962066e-01,  9.50369682e-02,\n         9.47439821e-02, -4.28046064e-02, -7.03343802e-02,\n         3.89348913e-02, -1.02155219e-01,  2.91034001e-02,\n         2.55948803e-01,  4.36560937e+01,  4.38096622e+01,\n         3.94233022e-02,  8.16445081e-02,  4.34473558e+01,\n        -6.35559740e-02,  4.36514727e+01,  4.36505229e+01,\n        -5.15435662e-02, -7.42406837e-02,  1.22219165e-02,\n        -1.61755386e-02, -6.29474961e-02,  5.97720467e-02,\n        -2.29450454e-02, -5.52786232e-04, -1.52387600e-01],\n       [ 4.38491312e+01,  4.38009270e+01,  1.04386061e-01,\n        -1.44004145e-01, -9.14690931e-02,  8.73589416e-02,\n         5.26448161e-02,  6.49086733e-02,  5.36336032e-02,\n        -8.67146156e-02, -3.24490958e-02,  1.36388652e-01,\n        -3.88264399e-02,  4.37163002e+01,  4.38478433e+01,\n        -8.85512374e-02,  9.14434574e-04,  4.38792712e+01,\n         2.53916272e-01,  4.36592674e+01,  4.36205466e+01,\n         5.56121799e-02, -1.22287354e-01, -3.56745026e-02,\n        -2.05866717e-02,  6.20548216e-02, -1.60937377e-02,\n         1.29939681e-01,  1.19072726e-01, -3.65539297e-02],\n       [ 1.05533100e-01,  1.01453269e-01, -3.81910222e-02,\n         3.90253269e-02,  9.56584160e+01,  9.57224914e+01,\n        -4.13451239e-02,  9.57038608e+01,  9.53729098e+01,\n         2.73577403e-02, -2.50275952e-01, -8.28583771e-02,\n        -3.61422839e-02, -3.29592033e-04,  6.53634261e-02,\n        -2.38493367e-02,  9.55254807e+01, -4.40504559e-02,\n        -5.45169199e-02,  2.37432940e-01, -8.73974119e-02,\n        -6.25992930e-02,  9.54333226e+01, -4.58109903e-02,\n         6.84642202e-02,  9.55670567e+01,  1.27365479e-02,\n         2.37324385e-02, -8.49088325e-03,  9.54974474e+01],\n       [ 4.37703748e+01,  4.35869252e+01,  8.78673548e-02,\n        -1.40640527e-01,  1.26838952e-01,  1.32510566e-01,\n        -2.39594508e-02, -7.51179425e-02,  7.69977360e-02,\n         9.77180001e-02,  2.73442216e-01,  1.20938197e-01,\n        -8.67641090e-02,  4.37933508e+01,  4.38303178e+01,\n         1.45861852e-02,  7.34501065e-02,  4.38135454e+01,\n         5.37960004e-02,  4.37260940e+01,  4.37312395e+01,\n        -7.71780749e-02, -1.13042805e-01, -1.36987106e-01,\n         9.37654302e-03,  4.24486244e-02,  9.40535585e-02,\n        -9.63015626e-02, -3.45296561e-03, -9.54497262e-02],\n       [ 1.51623332e-01,  5.35491810e-02,  1.48904517e-01,\n         8.86063560e-02,  9.57194139e+01,  9.57184247e+01,\n         8.77825168e-02,  9.55885209e+01,  9.55757737e+01,\n        -2.17086583e-01, -1.73087310e-01, -4.33650327e-02,\n         1.02657985e-01, -1.59912347e-01,  3.12458481e-02,\n         1.66088133e-02,  9.54814983e+01,  1.06044681e-01,\n        -3.42308639e-02, -1.36859012e-01, -3.13023708e-02,\n        -2.69094438e-02,  9.57690275e+01, -1.02038325e-01,\n         1.44433879e-01,  9.55812849e+01,  1.15324519e-01,\n         2.00134419e-02, -1.37077821e-02,  9.55339011e+01],\n       [ 5.59109203e-02,  1.36011137e-01,  6.96526645e-03,\n        -4.31942202e-02,  9.56413739e+01,  9.57212908e+01,\n         9.83504306e-02,  9.54960533e+01,  9.56914014e+01,\n         1.81608779e-01,  2.27576130e-01,  4.73627388e-02,\n        -1.44560997e-01, -4.77381731e-02,  8.72541591e-02,\n        -8.44136914e-02,  9.55340552e+01, -2.03707593e-01,\n         5.43505779e-03, -6.64227443e-02,  1.15435434e-01,\n         4.57676454e-02,  9.55594680e+01, -3.43201237e-02,\n         4.06226685e-02,  9.56135562e+01,  8.88730061e-03,\n         1.20041155e-01,  1.85996701e-01,  9.55638313e+01],\n       [ 2.89842264e-02, -1.32653902e-01,  7.59608412e+01,\n         7.58137314e+01, -7.28315150e-02, -6.95898229e-03,\n         7.57854134e+01, -8.92211756e-03, -7.04470103e-02,\n         7.60559235e+01,  7.60440945e+01,  7.59029200e+01,\n         7.59295025e+01,  5.27764761e-02, -2.54821268e-02,\n         7.57741289e+01,  4.85315997e-02, -3.61890971e-02,\n         7.59047303e+01,  8.33223878e-02, -1.49877967e-02,\n         7.58565332e+01,  2.99836345e-03,  7.58443866e+01,\n         7.57787458e+01,  9.87457776e-03,  7.58664202e+01,\n         7.57124768e+01,  7.57857192e+01, -7.72667142e-02],\n       [ 4.35820988e+01,  4.37967868e+01, -1.50815329e-01,\n         8.34795419e-02,  1.34428883e-02, -1.58329421e-01,\n         1.09964698e-01, -1.34667810e-01, -1.13055230e-01,\n        -7.58037450e-03,  1.17971634e-01, -1.77732121e-02,\n         8.94332330e-02,  4.38279747e+01,  4.38178099e+01,\n         7.54997797e-02,  7.73700417e-02,  4.36077022e+01,\n        -4.10383309e-02,  4.37304745e+01,  4.39864420e+01,\n        -6.23477395e-02, -8.80591266e-02, -2.07165890e-02,\n        -8.98207939e-02,  5.82122795e-02,  8.87748460e-02,\n        -1.03782988e-01,  2.96561384e-02, -5.38141662e-02],\n       [ 4.38059070e+01,  4.36165716e+01,  2.57116870e-02,\n        -2.56630183e-02, -1.49505387e-01, -6.08640875e-03,\n         3.14512896e-02,  9.03532491e-02, -5.34416454e-02,\n        -2.91952671e-02, -3.09288546e-02,  1.37186213e-01,\n        -2.12161422e-02,  4.37424288e+01,  4.37881702e+01,\n        -4.26868794e-02, -1.41875046e-01,  4.36687469e+01,\n         1.75553294e-02,  4.40458403e+01,  4.38581541e+01,\n         1.15818665e-01,  1.90003311e-03,  5.01448332e-02,\n         6.73125503e-02, -7.89258329e-02,  7.43711284e-02,\n         1.27373362e-01, -3.67825724e-02,  1.04249162e-01],\n       [-1.55795232e-01,  9.29482507e-02,  7.59613032e+01,\n         7.58329097e+01,  6.18661960e-02,  1.14413520e-01,\n         7.58928395e+01,  1.06456868e-01,  8.16698518e-02,\n         7.59295581e+01,  7.59923617e+01,  7.59241187e+01,\n         7.58340803e+01,  5.32595109e-02, -4.00381360e-02,\n         7.59427489e+01, -1.31934789e-01, -1.76286693e-01,\n         7.58581275e+01, -1.08778094e-01,  4.99737620e-02,\n         7.58736643e+01,  1.19605669e-02,  7.57267996e+01,\n         7.58714132e+01,  1.28626861e-01,  7.59856757e+01,\n         7.57389388e+01,  7.59681065e+01, -2.26245219e-02],\n       [ 4.34430931e+01,  4.36920046e+01, -5.74709208e-02,\n        -7.75336106e-02, -9.92586179e-02, -2.02231493e-01,\n        -4.21498220e-02, -1.85508045e-03, -1.07253183e-01,\n         1.38401572e-01,  7.67296839e-02,  3.39820964e-02,\n        -6.59182302e-02,  4.36796970e+01,  4.37431625e+01,\n         3.93730443e-04, -9.43056808e-02,  4.37301046e+01,\n        -7.38014994e-04,  4.37539043e+01,  4.36690591e+01,\n        -2.59028645e-02, -1.67350462e-01,  4.77754099e-02,\n        -1.14979258e-01,  1.02347683e-02, -4.32609281e-02,\n        -8.01827843e-02,  7.73140856e-02,  1.40395874e-01],\n       [-1.50276502e-01, -1.31914505e-01,  7.58679704e+01,\n         7.56716171e+01, -1.64535658e-02, -1.57213893e-02,\n         7.58949584e+01, -1.01719217e-01, -7.99110571e-02,\n         7.58998249e+01,  7.60183130e+01,  7.61364474e+01,\n         7.58116981e+01, -1.49036667e-02, -2.60735165e-02,\n         7.58943834e+01,  1.08045987e-01,  8.04439110e-02,\n         7.57687443e+01, -6.65345463e-04, -1.12541901e-01,\n         7.59468828e+01,  5.16669309e-02,  7.58012004e+01,\n         7.56135196e+01,  6.99117557e-05,  7.58952804e+01,\n         7.57617019e+01,  7.57553908e+01, -1.84490524e-01],\n       [-1.04248487e-01, -1.92968460e-01,  7.57112727e+01,\n         7.57788432e+01,  4.70172131e-03,  1.04354591e-01,\n         7.57035949e+01, -1.34946357e-01,  7.13399590e-02,\n         7.57587152e+01,  7.58494187e+01,  7.57921917e+01,\n         7.58284690e+01,  1.34984721e-02,  1.27792683e-01,\n         7.56309936e+01,  8.67765024e-02, -6.50584842e-02,\n         7.59588206e+01,  4.12570397e-02, -2.61027253e-02,\n         7.59108410e+01,  5.85503461e-02,  7.59714375e+01,\n         7.57989761e+01,  1.22317095e-01,  7.58111116e+01,\n         7.56860869e+01,  7.57743636e+01,  2.83032205e-02],\n       [ 1.69729284e-02,  1.13729460e-02,  7.59846141e+01,\n         7.59686958e+01,  3.60778425e-02,  5.88328518e-02,\n         7.57951003e+01,  5.43483153e-02, -2.20810655e-01,\n         7.59081489e+01,  7.58555369e+01,  7.57214296e+01,\n         7.58544425e+01,  1.58013410e-01,  8.93939191e-03,\n         7.60095600e+01, -3.18478511e-02, -5.94516053e-02,\n         7.58810601e+01, -1.19850919e-02,  4.88044079e-02,\n         7.56564218e+01,  1.03492093e-01,  7.58118135e+01,\n         7.59617653e+01, -2.70203319e-02,  7.59742165e+01,\n         7.57909732e+01,  7.58890168e+01, -3.19057021e-02],\n       [-6.49191325e-02,  4.94955518e-02,  7.59332570e+01,\n         7.58608175e+01,  8.99561481e-03,  4.00412029e-02,\n         7.58842502e+01,  8.17752696e-02,  2.46420984e-03,\n         7.58969187e+01,  7.58970093e+01,  7.60003530e+01,\n         7.60289681e+01, -8.33558987e-02,  4.80562107e-02,\n         7.59008178e+01, -2.25713648e-02,  4.18252555e-02,\n         7.57353053e+01, -6.89540321e-02, -3.70323369e-02,\n         7.58393168e+01, -1.48939306e-01,  7.59061128e+01,\n         7.59203060e+01,  7.53304269e-02,  7.57444299e+01,\n         7.58431590e+01,  7.58389882e+01,  3.41475118e-04],\n       [-8.90843342e-02,  4.69154350e-03,  7.58206461e+01,\n         7.58564668e+01,  1.88682811e-01,  5.90274619e-02,\n         7.58661147e+01,  2.50243933e-02, -1.34144516e-01,\n         7.57976073e+01,  7.59646794e+01,  7.59865544e+01,\n         7.58704320e+01,  2.64357158e-01, -2.32471966e-01,\n         7.59575621e+01,  2.16861037e-02,  1.78216362e-01,\n         7.58211747e+01, -2.02846220e-02,  1.80530842e-02,\n         7.59318500e+01, -1.13975443e-01,  7.61333239e+01,\n         7.56473810e+01,  1.83883352e-02,  7.58894643e+01,\n         7.60064673e+01,  7.59422688e+01,  4.42116665e-02],\n       [ 4.38416988e+01,  4.35585339e+01,  2.38903596e-01,\n         1.04801974e-01,  8.01987125e-03, -8.55928918e-02,\n         1.84341376e-01, -1.78849650e-01, -4.14531805e-02,\n        -1.66913236e-01,  1.51432783e-03,  1.36343549e-01,\n         1.56038014e-01,  4.37262288e+01,  4.38074310e+01,\n         1.28551000e-02, -3.96361420e-03,  4.37251130e+01,\n         8.28765978e-02,  4.35933542e+01,  4.37318403e+01,\n        -1.27087181e-01,  3.57304542e-02,  5.49576345e-02,\n         4.42074017e-02, -8.93120274e-02, -3.34817247e-02,\n        -4.44498744e-02, -6.28569747e-02, -5.34662742e-02],\n       [ 4.38638967e+01,  4.38017041e+01, -6.99146578e-02,\n         6.13841341e-02,  1.06522708e-01,  9.49142988e-02,\n        -8.81704625e-04, -2.71040462e-02,  1.91231764e-01,\n         2.03822728e-02, -3.09092509e-02, -2.09001775e-01,\n         1.20492292e-01,  4.37347730e+01,  4.36646589e+01,\n        -1.19666047e-01, -2.39224798e-02,  4.36562919e+01,\n         1.77043152e-01,  4.37098253e+01,  4.36678192e+01,\n         6.67056103e-02, -6.13094683e-02,  7.70678330e-02,\n         8.03813051e-02, -1.79204510e-01, -4.46773512e-02,\n        -4.33303407e-02,  1.35788079e-01,  8.53974711e-02],\n       [-4.86714496e-02,  7.96405430e-02, -4.46683471e-02,\n         5.74740030e-03,  9.55567572e+01,  9.53978183e+01,\n        -4.75671348e-02,  9.56765553e+01,  9.55519964e+01,\n         4.21340817e-03, -1.43408887e-01, -8.15499073e-02,\n         7.47368032e-02,  3.30700557e-02,  1.33444564e-01,\n        -2.90692308e-02,  9.55636677e+01, -2.81385107e-02,\n        -5.59025493e-02, -1.47182586e-03,  9.81547377e-02,\n        -3.19360008e-02,  9.54201680e+01,  2.05509261e-01,\n        -1.91532824e-02,  9.54541624e+01,  4.87673275e-02,\n        -1.01949512e-02, -2.28280249e-01,  9.56045995e+01],\n       [ 1.65194380e-02,  1.24732706e-01,  7.59758398e+01,\n         7.57736162e+01,  4.02034480e-02,  8.20548712e-03,\n         7.59768105e+01, -1.09139044e-01,  1.50977131e-01,\n         7.59630113e+01,  7.57162330e+01,  7.60180451e+01,\n         7.60081523e+01, -4.00372873e-02,  5.68936674e-02,\n         7.58349910e+01, -4.87395024e-02,  9.65922008e-02,\n         7.59803151e+01,  5.09378116e-02, -8.74806714e-02,\n         7.58241902e+01, -8.17001439e-02,  7.58367140e+01,\n         7.59075512e+01, -3.47526734e-02,  7.59623686e+01,\n         7.58965142e+01,  7.58281633e+01,  4.03820559e-02],\n       [ 4.37128087e+01,  4.37863157e+01, -9.59008096e-02,\n         2.39318145e-03,  1.76293747e-01, -3.42141713e-02,\n         1.38200460e-01,  7.10109240e-02,  6.30074939e-02,\n         7.30637274e-04,  3.04449120e-02,  9.05121960e-02,\n         1.05742351e-01,  4.37826448e+01,  4.36948835e+01,\n         5.13608595e-03, -9.26046619e-02,  4.38131678e+01,\n        -6.03904372e-02,  4.36633645e+01,  4.36961975e+01,\n         1.06619854e-01,  9.24788716e-03,  8.72447158e-02,\n         2.57207491e-02,  2.30953723e-02, -8.08936891e-02,\n         1.43735633e-01,  8.71913989e-02, -5.12965318e-02]])", "array([27, 15, 23, 17,  8,  9, 28, 24, 12,  0,  4, 16,  5, 13, 11, 22,  1,\n        2, 25,  3, 21, 26, 18, 29, 20,  7, 10, 14, 19,  6])", "array([ 0,  5, 20, 26, 13,  7, 21, 10, 12, 29, 24, 22, 16,  3,  1, 17,  8,\n        6, 23,  4,  2, 19, 11, 18, 25, 14, 15, 28, 27,  9])"]}, "name": "_shuffle"}
