{"types": {}, "values": {"inputs": {"self": {"store_precision": true, "assume_centered": true, "block_size": 1000, "n_features_in_": 10, "location_": "array([0., 0., 0., 0., 0., 0., 0., 0., 0., 0.])", "shrinkage_": 0.020900916755115875, "covariance_": "array([[ 2.26244344e-03,  3.84854832e-04,  4.09991464e-04,\n         7.43024532e-04,  5.76075363e-04,  4.85657822e-04,\n        -1.66537610e-04,  4.51539453e-04,  5.99807266e-04,\n         6.68381342e-04],\n       [ 3.84854832e-04,  2.26244344e-03,  1.95291278e-04,\n         5.33875897e-04,  7.81436681e-05,  3.15963818e-04,\n        -8.39742779e-04,  7.35686840e-04,  3.32087674e-04,\n         4.61047604e-04],\n       [ 4.09991464e-04,  1.95291278e-04,  2.26244344e-03,\n         8.75896942e-04,  5.53296029e-04,  5.78532173e-04,\n        -8.12543649e-04,  9.16646300e-04,  9.88306466e-04,\n         8.60986936e-04],\n       [ 7.43024532e-04,  5.33875897e-04,  8.75896942e-04,\n         2.26244344e-03,  5.37095707e-04,  4.11018845e-04,\n        -3.95984953e-04,  5.70735138e-04,  8.71619941e-04,\n         8.64863524e-04],\n       [ 5.76075363e-04,  7.81436681e-05,  5.53296029e-04,\n         5.37095707e-04,  2.26244344e-03,  1.98624860e-03,\n         1.14123444e-04,  1.20107387e-03,  1.14191955e-03,\n         7.21513517e-04],\n       [ 4.85657822e-04,  3.15963818e-04,  5.78532173e-04,\n         4.11018845e-04,  1.98624860e-03,  2.26244344e-03,\n        -4.35178804e-04,  1.46159754e-03,  7.05209771e-04,\n         6.43725252e-04],\n       [-1.66537610e-04, -8.39742779e-04, -8.12543649e-04,\n        -3.95984953e-04,  1.14123444e-04, -4.35178804e-04,\n         2.26244344e-03, -1.63587682e-03, -8.82911001e-04,\n        -6.06282301e-04],\n       [ 4.51539453e-04,  7.35686840e-04,  9.16646300e-04,\n         5.70735138e-04,  1.20107387e-03,  1.46159754e-03,\n        -1.63587682e-03,  2.26244344e-03,  1.36865420e-03,\n         9.24190041e-04],\n       [ 5.99807266e-04,  3.32087674e-04,  9.88306466e-04,\n         8.71619941e-04,  1.14191955e-03,  7.05209771e-04,\n        -8.82911001e-04,  1.36865420e-03,  2.26244344e-03,\n         1.02931412e-03],\n       [ 6.68381342e-04,  4.61047604e-04,  8.60986936e-04,\n         8.64863524e-04,  7.21513517e-04,  6.43725252e-04,\n        -6.06282301e-04,  9.24190041e-04,  1.02931412e-03,\n         2.26244344e-03]])", "precision_": "array([[ 5.33905785e+02, -5.35359872e+01,  1.14366127e+00,\n        -1.09022988e+02, -1.42010758e+01, -5.69418723e+01,\n        -3.63520312e+01,  2.43201694e+01, -6.13029426e+01,\n        -7.66337725e+01],\n       [-5.35359872e+01,  5.58209677e+02,  8.16132537e+01,\n        -1.08291591e+02,  8.97670628e+01, -5.62889559e+01,\n         1.29036400e+02, -1.02813483e+02,  4.27090826e+01,\n        -4.30650251e+01],\n       [ 1.14366127e+00,  8.16132537e+01,  6.52955306e+02,\n        -1.52269494e+02,  7.40963815e+01, -1.32573051e+02,\n         1.45566977e+02,  3.05697450e+01, -1.52330613e+02,\n        -9.73319781e+01],\n       [-1.09022988e+02, -1.08291591e+02, -1.52269494e+02,\n         6.34295664e+02, -6.69610787e+01,  2.02054709e+01,\n         2.09833327e+01,  1.08066628e+02, -1.17342793e+02,\n        -9.97787425e+01],\n       [-1.42010758e+01,  8.97670628e+01,  7.40963815e+01,\n        -6.69610787e+01,  7.75919897e+03, -5.89073519e+03,\n        -3.36167488e+03, -1.13514377e+03, -2.71315505e+03,\n        -1.78910678e+01],\n       [-5.69418723e+01, -5.62889559e+01, -1.32573051e+02,\n         2.02054709e+01, -5.89073519e+03,  5.58924071e+03,\n         1.88914336e+03, -4.31328345e+02,  2.30603959e+03,\n        -7.36656304e+00],\n       [-3.63520312e+01,  1.29036400e+02,  1.45566977e+02,\n         2.09833327e+01, -3.36167488e+03,  1.88914336e+03,\n         2.86532426e+03,  1.95825349e+03,  9.68183372e+02,\n        -1.69892088e+01],\n       [ 2.43201694e+01, -1.02813483e+02,  3.05697450e+01,\n         1.08066628e+02, -1.13514377e+03, -4.31328345e+02,\n         1.95825349e+03,  2.96223938e+03, -3.24939505e+02,\n        -9.18965011e+01],\n       [-6.13029426e+01,  4.27090826e+01, -1.52330613e+02,\n        -1.17342793e+02, -2.71315505e+03,  2.30603959e+03,\n         9.68183372e+02, -3.24939505e+02,  1.84626184e+03,\n        -1.26429667e+02],\n       [-7.66337725e+01, -4.30650251e+01, -9.73319781e+01,\n        -9.97787425e+01, -1.78910678e+01, -7.36656304e+00,\n        -1.69892088e+01, -9.18965011e+01, -1.26429667e+02,\n         6.46906017e+02]])"}, "args": {"X_test": "array([[ 0.03807591,  0.05068012,  0.06169621, ..., -0.00259226,\n         0.01990749, -0.01764613],\n       [-0.00188202, -0.04464164, -0.05147406, ..., -0.03949338,\n        -0.06833155, -0.09220405],\n       [ 0.08529891,  0.05068012,  0.04445121, ..., -0.00259226,\n         0.00286131, -0.02593034],\n       ...,\n       [ 0.04170844,  0.05068012, -0.01590626, ..., -0.01107952,\n        -0.04688253,  0.01549073],\n       [-0.04547248, -0.04464164,  0.03906215, ...,  0.02655962,\n         0.04452873, -0.02593034],\n       [-0.04547248, -0.04464164, -0.0730303 , ..., -0.03949338,\n        -0.00422151,  0.00306441]], shape=(442, 10))", "y": null}, "kwargs": {}}, "return": 19.869250750011126}, "name": "score"}
{"types": {}, "values": {"inputs": {"self": {"store_precision": false, "assume_centered": true, "block_size": 1000, "n_features_in_": 10, "location_": "array([0., 0., 0., 0., 0., 0., 0., 0., 0., 0.])", "shrinkage_": 0.020900916755115875, "covariance_": "array([[ 2.26244344e-03,  3.84854832e-04,  4.09991464e-04,\n         7.43024532e-04,  5.76075363e-04,  4.85657822e-04,\n        -1.66537610e-04,  4.51539453e-04,  5.99807266e-04,\n         6.68381342e-04],\n       [ 3.84854832e-04,  2.26244344e-03,  1.95291278e-04,\n         5.33875897e-04,  7.81436681e-05,  3.15963818e-04,\n        -8.39742779e-04,  7.35686840e-04,  3.32087674e-04,\n         4.61047604e-04],\n       [ 4.09991464e-04,  1.95291278e-04,  2.26244344e-03,\n         8.75896942e-04,  5.53296029e-04,  5.78532173e-04,\n        -8.12543649e-04,  9.16646300e-04,  9.88306466e-04,\n         8.60986936e-04],\n       [ 7.43024532e-04,  5.33875897e-04,  8.75896942e-04,\n         2.26244344e-03,  5.37095707e-04,  4.11018845e-04,\n        -3.95984953e-04,  5.70735138e-04,  8.71619941e-04,\n         8.64863524e-04],\n       [ 5.76075363e-04,  7.81436681e-05,  5.53296029e-04,\n         5.37095707e-04,  2.26244344e-03,  1.98624860e-03,\n         1.14123444e-04,  1.20107387e-03,  1.14191955e-03,\n         7.21513517e-04],\n       [ 4.85657822e-04,  3.15963818e-04,  5.78532173e-04,\n         4.11018845e-04,  1.98624860e-03,  2.26244344e-03,\n        -4.35178804e-04,  1.46159754e-03,  7.05209771e-04,\n         6.43725252e-04],\n       [-1.66537610e-04, -8.39742779e-04, -8.12543649e-04,\n        -3.95984953e-04,  1.14123444e-04, -4.35178804e-04,\n         2.26244344e-03, -1.63587682e-03, -8.82911001e-04,\n        -6.06282301e-04],\n       [ 4.51539453e-04,  7.35686840e-04,  9.16646300e-04,\n         5.70735138e-04,  1.20107387e-03,  1.46159754e-03,\n        -1.63587682e-03,  2.26244344e-03,  1.36865420e-03,\n         9.24190041e-04],\n       [ 5.99807266e-04,  3.32087674e-04,  9.88306466e-04,\n         8.71619941e-04,  1.14191955e-03,  7.05209771e-04,\n        -8.82911001e-04,  1.36865420e-03,  2.26244344e-03,\n         1.02931412e-03],\n       [ 6.68381342e-04,  4.61047604e-04,  8.60986936e-04,\n         8.64863524e-04,  7.21513517e-04,  6.43725252e-04,\n        -6.06282301e-04,  9.24190041e-04,  1.02931412e-03,\n         2.26244344e-03]])", "precision_": null}, "args": {"X_test": "array([[ 0.03807591,  0.05068012,  0.06169621, ..., -0.00259226,\n         0.01990749, -0.01764613],\n       [-0.00188202, -0.04464164, -0.05147406, ..., -0.03949338,\n        -0.06833155, -0.09220405],\n       [ 0.08529891,  0.05068012,  0.04445121, ..., -0.00259226,\n         0.00286131, -0.02593034],\n       ...,\n       [ 0.04170844,  0.05068012, -0.01590626, ..., -0.01107952,\n        -0.04688253,  0.01549073],\n       [-0.04547248, -0.04464164,  0.03906215, ...,  0.02655962,\n         0.04452873, -0.02593034],\n       [-0.04547248, -0.04464164, -0.0730303 , ..., -0.03949338,\n        -0.00422151,  0.00306441]], shape=(442, 10))", "y": null}, "kwargs": {}}, "return": 19.869250750011126}, "name": "score"}
{"types": {}, "values": {"inputs": {"self": {"store_precision": true, "assume_centered": false, "block_size": 1000, "n_features_in_": 10, "location_": "array([-1.44429466e-18,  2.54321451e-18, -2.25592546e-16, -4.85408596e-17,\n       -1.42859580e-17,  3.89881064e-17, -6.02836031e-18, -1.78809958e-17,\n        9.16813131e-17,  1.35176953e-17])", "shrinkage_": 0.020900916755115875, "covariance_": "array([[ 2.26244344e-03,  3.84854832e-04,  4.09991464e-04,\n         7.43024532e-04,  5.76075363e-04,  4.85657822e-04,\n        -1.66537610e-04,  4.51539453e-04,  5.99807266e-04,\n         6.68381342e-04],\n       [ 3.84854832e-04,  2.26244344e-03,  1.95291278e-04,\n         5.33875897e-04,  7.81436681e-05,  3.15963818e-04,\n        -8.39742779e-04,  7.35686840e-04,  3.32087674e-04,\n         4.61047604e-04],\n       [ 4.09991464e-04,  1.95291278e-04,  2.26244344e-03,\n         8.75896942e-04,  5.53296029e-04,  5.78532173e-04,\n        -8.12543649e-04,  9.16646300e-04,  9.88306466e-04,\n         8.60986936e-04],\n       [ 7.43024532e-04,  5.33875897e-04,  8.75896942e-04,\n         2.26244344e-03,  5.37095707e-04,  4.11018845e-04,\n        -3.95984953e-04,  5.70735138e-04,  8.71619941e-04,\n         8.64863524e-04],\n       [ 5.76075363e-04,  7.81436681e-05,  5.53296029e-04,\n         5.37095707e-04,  2.26244344e-03,  1.98624860e-03,\n         1.14123444e-04,  1.20107387e-03,  1.14191955e-03,\n         7.21513517e-04],\n       [ 4.85657822e-04,  3.15963818e-04,  5.78532173e-04,\n         4.11018845e-04,  1.98624860e-03,  2.26244344e-03,\n        -4.35178804e-04,  1.46159754e-03,  7.05209771e-04,\n         6.43725252e-04],\n       [-1.66537610e-04, -8.39742779e-04, -8.12543649e-04,\n        -3.95984953e-04,  1.14123444e-04, -4.35178804e-04,\n         2.26244344e-03, -1.63587682e-03, -8.82911001e-04,\n        -6.06282301e-04],\n       [ 4.51539453e-04,  7.35686840e-04,  9.16646300e-04,\n         5.70735138e-04,  1.20107387e-03,  1.46159754e-03,\n        -1.63587682e-03,  2.26244344e-03,  1.36865420e-03,\n         9.24190041e-04],\n       [ 5.99807266e-04,  3.32087674e-04,  9.88306466e-04,\n         8.71619941e-04,  1.14191955e-03,  7.05209771e-04,\n        -8.82911001e-04,  1.36865420e-03,  2.26244344e-03,\n         1.02931412e-03],\n       [ 6.68381342e-04,  4.61047604e-04,  8.60986936e-04,\n         8.64863524e-04,  7.21513517e-04,  6.43725252e-04,\n        -6.06282301e-04,  9.24190041e-04,  1.02931412e-03,\n         2.26244344e-03]])", "precision_": "array([[ 5.33905785e+02, -5.35359872e+01,  1.14366127e+00,\n        -1.09022988e+02, -1.42010758e+01, -5.69418723e+01,\n        -3.63520312e+01,  2.43201694e+01, -6.13029426e+01,\n        -7.66337725e+01],\n       [-5.35359872e+01,  5.58209677e+02,  8.16132537e+01,\n        -1.08291591e+02,  8.97670628e+01, -5.62889559e+01,\n         1.29036400e+02, -1.02813483e+02,  4.27090826e+01,\n        -4.30650251e+01],\n       [ 1.14366127e+00,  8.16132537e+01,  6.52955306e+02,\n        -1.52269494e+02,  7.40963815e+01, -1.32573051e+02,\n         1.45566977e+02,  3.05697450e+01, -1.52330613e+02,\n        -9.73319781e+01],\n       [-1.09022988e+02, -1.08291591e+02, -1.52269494e+02,\n         6.34295664e+02, -6.69610787e+01,  2.02054709e+01,\n         2.09833327e+01,  1.08066628e+02, -1.17342793e+02,\n        -9.97787425e+01],\n       [-1.42010758e+01,  8.97670628e+01,  7.40963815e+01,\n        -6.69610787e+01,  7.75919897e+03, -5.89073519e+03,\n        -3.36167488e+03, -1.13514377e+03, -2.71315505e+03,\n        -1.78910678e+01],\n       [-5.69418723e+01, -5.62889559e+01, -1.32573051e+02,\n         2.02054709e+01, -5.89073519e+03,  5.58924071e+03,\n         1.88914336e+03, -4.31328345e+02,  2.30603959e+03,\n        -7.36656304e+00],\n       [-3.63520312e+01,  1.29036400e+02,  1.45566977e+02,\n         2.09833327e+01, -3.36167488e+03,  1.88914336e+03,\n         2.86532426e+03,  1.95825349e+03,  9.68183372e+02,\n        -1.69892088e+01],\n       [ 2.43201694e+01, -1.02813483e+02,  3.05697450e+01,\n         1.08066628e+02, -1.13514377e+03, -4.31328345e+02,\n         1.95825349e+03,  2.96223938e+03, -3.24939505e+02,\n        -9.18965011e+01],\n       [-6.13029426e+01,  4.27090826e+01, -1.52330613e+02,\n        -1.17342793e+02, -2.71315505e+03,  2.30603959e+03,\n         9.68183372e+02, -3.24939505e+02,  1.84626184e+03,\n        -1.26429667e+02],\n       [-7.66337725e+01, -4.30650251e+01, -9.73319781e+01,\n        -9.97787425e+01, -1.78910678e+01, -7.36656304e+00,\n        -1.69892088e+01, -9.18965011e+01, -1.26429667e+02,\n         6.46906017e+02]])"}, "args": {"X_test": "array([[ 0.03807591,  0.05068012,  0.06169621, ..., -0.00259226,\n         0.01990749, -0.01764613],\n       [-0.00188202, -0.04464164, -0.05147406, ..., -0.03949338,\n        -0.06833155, -0.09220405],\n       [ 0.08529891,  0.05068012,  0.04445121, ..., -0.00259226,\n         0.00286131, -0.02593034],\n       ...,\n       [ 0.04170844,  0.05068012, -0.01590626, ..., -0.01107952,\n        -0.04688253,  0.01549073],\n       [-0.04547248, -0.04464164,  0.03906215, ...,  0.02655962,\n         0.04452873, -0.02593034],\n       [-0.04547248, -0.04464164, -0.0730303 , ..., -0.03949338,\n        -0.00422151,  0.00306441]], shape=(442, 10))", "y": null}, "kwargs": {}}, "return": 19.869250750011126}, "name": "score"}
{"types": {}, "values": {"inputs": {"self": {"store_precision": false, "assume_centered": false, "block_size": 1000, "n_features_in_": 10, "location_": "array([-1.44429466e-18,  2.54321451e-18, -2.25592546e-16, -4.85408596e-17,\n       -1.42859580e-17,  3.89881064e-17, -6.02836031e-18, -1.78809958e-17,\n        9.16813131e-17,  1.35176953e-17])", "shrinkage_": 0.020900916755115875, "covariance_": "array([[ 2.26244344e-03,  3.84854832e-04,  4.09991464e-04,\n         7.43024532e-04,  5.76075363e-04,  4.85657822e-04,\n        -1.66537610e-04,  4.51539453e-04,  5.99807266e-04,\n         6.68381342e-04],\n       [ 3.84854832e-04,  2.26244344e-03,  1.95291278e-04,\n         5.33875897e-04,  7.81436681e-05,  3.15963818e-04,\n        -8.39742779e-04,  7.35686840e-04,  3.32087674e-04,\n         4.61047604e-04],\n       [ 4.09991464e-04,  1.95291278e-04,  2.26244344e-03,\n         8.75896942e-04,  5.53296029e-04,  5.78532173e-04,\n        -8.12543649e-04,  9.16646300e-04,  9.88306466e-04,\n         8.60986936e-04],\n       [ 7.43024532e-04,  5.33875897e-04,  8.75896942e-04,\n         2.26244344e-03,  5.37095707e-04,  4.11018845e-04,\n        -3.95984953e-04,  5.70735138e-04,  8.71619941e-04,\n         8.64863524e-04],\n       [ 5.76075363e-04,  7.81436681e-05,  5.53296029e-04,\n         5.37095707e-04,  2.26244344e-03,  1.98624860e-03,\n         1.14123444e-04,  1.20107387e-03,  1.14191955e-03,\n         7.21513517e-04],\n       [ 4.85657822e-04,  3.15963818e-04,  5.78532173e-04,\n         4.11018845e-04,  1.98624860e-03,  2.26244344e-03,\n        -4.35178804e-04,  1.46159754e-03,  7.05209771e-04,\n         6.43725252e-04],\n       [-1.66537610e-04, -8.39742779e-04, -8.12543649e-04,\n        -3.95984953e-04,  1.14123444e-04, -4.35178804e-04,\n         2.26244344e-03, -1.63587682e-03, -8.82911001e-04,\n        -6.06282301e-04],\n       [ 4.51539453e-04,  7.35686840e-04,  9.16646300e-04,\n         5.70735138e-04,  1.20107387e-03,  1.46159754e-03,\n        -1.63587682e-03,  2.26244344e-03,  1.36865420e-03,\n         9.24190041e-04],\n       [ 5.99807266e-04,  3.32087674e-04,  9.88306466e-04,\n         8.71619941e-04,  1.14191955e-03,  7.05209771e-04,\n        -8.82911001e-04,  1.36865420e-03,  2.26244344e-03,\n         1.02931412e-03],\n       [ 6.68381342e-04,  4.61047604e-04,  8.60986936e-04,\n         8.64863524e-04,  7.21513517e-04,  6.43725252e-04,\n        -6.06282301e-04,  9.24190041e-04,  1.02931412e-03,\n         2.26244344e-03]])", "precision_": null}, "args": {"X_test": "array([[ 0.03807591,  0.05068012,  0.06169621, ..., -0.00259226,\n         0.01990749, -0.01764613],\n       [-0.00188202, -0.04464164, -0.05147406, ..., -0.03949338,\n        -0.06833155, -0.09220405],\n       [ 0.08529891,  0.05068012,  0.04445121, ..., -0.00259226,\n         0.00286131, -0.02593034],\n       ...,\n       [ 0.04170844,  0.05068012, -0.01590626, ..., -0.01107952,\n        -0.04688253,  0.01549073],\n       [-0.04547248, -0.04464164,  0.03906215, ...,  0.02655962,\n         0.04452873, -0.02593034],\n       [-0.04547248, -0.04464164, -0.0730303 , ..., -0.03949338,\n        -0.00422151,  0.00306441]], shape=(442, 10))", "y": null}, "kwargs": {}}, "return": 19.869250750011126}, "name": "score"}
{"types": {}, "values": {"inputs": {"self": {"store_precision": true, "assume_centered": true, "n_features_in_": 10, "location_": "array([0., 0., 0., 0., 0., 0., 0., 0., 0., 0.])", "shrinkage_": 0.02282528351676865, "covariance_": "array([[ 2.26244344e-03,  3.84098421e-04,  4.09185647e-04,\n         7.41564157e-04,  5.74943118e-04,  4.84703287e-04,\n        -1.66210289e-04,  4.50651976e-04,  5.98628377e-04,\n         6.67067674e-04],\n       [ 3.84098421e-04,  2.26244344e-03,  1.94907444e-04,\n         5.32826593e-04,  7.79900809e-05,  3.15342808e-04,\n        -8.38092310e-04,  7.34240887e-04,  3.31434973e-04,\n         4.60141440e-04],\n       [ 4.09185647e-04,  1.94907444e-04,  2.26244344e-03,\n         8.74175414e-04,  5.52208555e-04,  5.77395099e-04,\n        -8.10946638e-04,  9.14844681e-04,  9.86364002e-04,\n         8.59294712e-04],\n       [ 7.41564157e-04,  5.32826593e-04,  8.74175414e-04,\n         2.26244344e-03,  5.36040074e-04,  4.10211010e-04,\n        -3.95206666e-04,  5.69613389e-04,  8.69906819e-04,\n         8.63163681e-04],\n       [ 5.74943118e-04,  7.79900809e-05,  5.52208555e-04,\n         5.36040074e-04,  2.26244344e-03,  1.98234473e-03,\n         1.13899141e-04,  1.19871323e-03,  1.13967517e-03,\n         7.20095420e-04],\n       [ 4.84703287e-04,  3.15342808e-04,  5.77395099e-04,\n         4.10211010e-04,  1.98234473e-03,  2.26244344e-03,\n        -4.34323484e-04,  1.45872484e-03,  7.03823719e-04,\n         6.42460044e-04],\n       [-1.66210289e-04, -8.38092310e-04, -8.10946638e-04,\n        -3.95206666e-04,  1.13899141e-04, -4.34323484e-04,\n         2.26244344e-03, -1.63266159e-03, -8.81175687e-04,\n        -6.05090685e-04],\n       [ 4.50651976e-04,  7.34240887e-04,  9.14844681e-04,\n         5.69613389e-04,  1.19871323e-03,  1.45872484e-03,\n        -1.63266159e-03,  2.26244344e-03,  1.36596418e-03,\n         9.22373595e-04],\n       [ 5.98628377e-04,  3.31434973e-04,  9.86364002e-04,\n         8.69906819e-04,  1.13967517e-03,  7.03823719e-04,\n        -8.81175687e-04,  1.36596418e-03,  2.26244344e-03,\n         1.02729106e-03],\n       [ 6.67067674e-04,  4.60141440e-04,  8.59294712e-04,\n         8.63163681e-04,  7.20095420e-04,  6.42460044e-04,\n        -6.05090685e-04,  9.22373595e-04,  1.02729106e-03,\n         2.26244344e-03]])", "precision_": "array([[ 5.33556476e+02, -5.34131904e+01,  1.00447147e+00,\n        -1.08769873e+02, -1.62358996e+01, -5.50149479e+01,\n        -3.55781186e+01,  2.40248776e+01, -6.03136542e+01,\n        -7.64702027e+01],\n       [-5.34131904e+01,  5.57641490e+02,  8.11418675e+01,\n        -1.07830531e+02,  8.71650128e+01, -5.43090769e+01,\n         1.29726621e+02, -1.02116534e+02,  4.31958993e+01,\n        -4.29525154e+01],\n       [ 1.00447147e+00,  8.11418675e+01,  6.51872262e+02,\n        -1.51775474e+02,  6.87543281e+01, -1.27085690e+02,\n         1.46020035e+02,  2.88438298e+01, -1.49558369e+02,\n        -9.70728109e+01],\n       [-1.08769873e+02, -1.07830531e+02, -1.51775474e+02,\n         6.33367590e+02, -6.46816985e+01,  1.91138090e+01,\n         1.93069105e+01,  1.05890474e+02, -1.17353936e+02,\n        -9.95561845e+01],\n       [-1.62358996e+01,  8.71650128e+01,  6.87543281e+01,\n        -6.46816985e+01,  7.29394138e+03, -5.52273185e+03,\n        -3.15209264e+03, -1.07306138e+03, -2.54065913e+03,\n        -1.95666197e+01],\n       [-5.50149479e+01, -5.43090769e+01, -1.27085690e+02,\n         1.91138090e+01, -5.52273185e+03,  5.28582690e+03,\n         1.73821184e+03, -4.55980368e+02,  2.16347134e+03,\n        -6.54121442e+00],\n       [-3.55781186e+01,  1.29726621e+02,  1.46020035e+02,\n         1.93069105e+01, -3.15209264e+03,  1.73821184e+03,\n         2.75333215e+03,  1.90171391e+03,  8.97684949e+02,\n        -1.55945574e+01],\n       [ 2.40248776e+01, -1.02116534e+02,  2.88438298e+01,\n         1.05890474e+02, -1.07306138e+03, -4.55980368e+02,\n         1.90171391e+03,  2.90619429e+03, -3.35056013e+02,\n        -9.07231665e+01],\n       [-6.03136542e+01,  4.31958993e+01, -1.49558369e+02,\n        -1.17353936e+02, -2.54065913e+03,  2.16347134e+03,\n         8.97684949e+02, -3.35056013e+02,  1.77771752e+03,\n        -1.25645195e+02],\n       [-7.64702027e+01, -4.29525154e+01, -9.70728109e+01,\n        -9.95561845e+01, -1.95666197e+01, -6.54121442e+00,\n        -1.55945574e+01, -9.07231665e+01, -1.25645195e+02,\n         6.46086201e+02]])"}, "args": {"X_test": "array([[ 0.03807591,  0.05068012,  0.06169621, ..., -0.00259226,\n         0.01990749, -0.01764613],\n       [-0.00188202, -0.04464164, -0.05147406, ..., -0.03949338,\n        -0.06833155, -0.09220405],\n       [ 0.08529891,  0.05068012,  0.04445121, ..., -0.00259226,\n         0.00286131, -0.02593034],\n       ...,\n       [ 0.04170844,  0.05068012, -0.01590626, ..., -0.01107952,\n        -0.04688253,  0.01549073],\n       [-0.04547248, -0.04464164,  0.03906215, ...,  0.02655962,\n         0.04452873, -0.02593034],\n       [-0.04547248, -0.04464164, -0.0730303 , ..., -0.03949338,\n        -0.00422151,  0.00306441]], shape=(442, 10))", "y": null}, "kwargs": {}}, "return": 19.844711081250985}, "name": "score"}
