{"types": {}, "values": {"inputs": {"self": {"store_precision": true, "assume_centered": false, "support_fraction": null, "random_state": null, "contamination": 0.1, "n_features_in_": 10, "raw_location_": "array([ 0.06442203, -0.06781722, -0.0503234 ,  0.24674251,  0.10090015,\n       -0.01093236, -0.00133607, -0.01209649,  0.05192925,  0.09078795])", "raw_covariance_": "array([[ 0.47150133, -0.05851925, -0.1237377 ,  0.01052763, -0.1951847 ,\n        -0.03426688,  0.09516571, -0.00225148, -0.01442601, -0.1815785 ],\n       [-0.05851925,  0.79922136, -0.03161282, -0.02251519,  0.14380329,\n        -0.11906488, -0.15209251, -0.14052694, -0.06949112, -0.161665  ],\n       [-0.1237377 , -0.03161282,  0.90763337,  0.03876347,  0.16227653,\n        -0.18425529, -0.11513581,  0.09147875, -0.01143163,  0.23494719],\n       [ 0.01052763, -0.02251519,  0.03876347,  0.77181174,  0.03823553,\n        -0.16973599,  0.14928282,  0.0036535 ,  0.12447802,  0.19455512],\n       [-0.1951847 ,  0.14380329,  0.16227653,  0.03823553,  0.66055823,\n        -0.07646056, -0.24411203,  0.06141155, -0.08182972,  0.09225069],\n       [-0.03426688, -0.11906488, -0.18425529, -0.16973599, -0.07646056,\n         0.59311956, -0.13719725, -0.0282997 , -0.02251305, -0.05198223],\n       [ 0.09516571, -0.15209251, -0.11513581,  0.14928282, -0.24411203,\n        -0.13719725,  0.85320157,  0.20279159, -0.00146124, -0.03587331],\n       [-0.00225148, -0.14052694,  0.09147875,  0.0036535 ,  0.06141155,\n        -0.0282997 ,  0.20279159,  0.46914132, -0.09515483,  0.25684555],\n       [-0.01442601, -0.06949112, -0.01143163,  0.12447802, -0.08182972,\n        -0.02251305, -0.00146124, -0.09515483,  0.3655703 ,  0.03093953],\n       [-0.1815785 , -0.161665  ,  0.23494719,  0.19455512,  0.09225069,\n        -0.05198223, -0.03587331,  0.25684555,  0.03093953,  0.82039831]])", "raw_support_": "array([ True, False,  True, False, False,  True,  True, False,  True,\n        True,  True, False, False, False,  True,  True, False,  True,\n        True,  True, False,  True, False,  True,  True, False, False,\n        True, False,  True,  True,  True,  True,  True,  True,  True,\n        True, False, False, False,  True,  True, False, False,  True,\n        True,  True, False, False,  True,  True,  True, False,  True,\n       False,  True, False, False,  True,  True, False, False,  True,\n       False, False, False, False, False,  True,  True, False,  True,\n        True, False, False, False,  True,  True,  True,  True,  True,\n        True, False, False, False,  True,  True,  True, False, False,\n        True,  True, False, False,  True,  True, False, False,  True,\n        True])", "location_": "array([ 0.06442203, -0.06781722, -0.0503234 ,  0.24674251,  0.10090015,\n       -0.01093236, -0.00133607, -0.01209649,  0.05192925,  0.09078795])", "support_": "array([ True, False,  True, False, False,  True,  True, False,  True,\n        True,  True, False, False, False,  True,  True, False,  True,\n        True,  True, False,  True, False,  True,  True, False, False,\n        True, False,  True,  True,  True,  True,  True,  True,  True,\n        True, False, False, False,  True,  True, False, False,  True,\n        True,  True, False, False,  True,  True,  True, False,  True,\n       False,  True, False, False,  True,  True, False, False,  True,\n       False, False, False, False, False,  True,  True, False,  True,\n        True, False, False, False,  True,  True,  True,  True,  True,\n        True, False, False, False,  True,  True,  True, False, False,\n        True,  True, False, False,  True,  True, False, False,  True,\n        True])", "dist_": "array([ 4.99656441, 22.38906675,  7.94838771, 23.50675563, 19.19017463,\n        5.49002433,  9.49986646, 25.33390197,  6.1342989 ,  5.91193583,\n        9.62751139, 14.18342063, 15.34845461, 16.81720076,  8.01590142,\n        8.09227951, 15.84786375,  8.46571712,  6.37406253,  5.89472238,\n       21.10803747,  6.6517283 , 29.4437949 ,  7.54428762,  9.81420562,\n       16.70080429, 29.37186307,  8.17344404, 15.2734978 ,  3.2790213 ,\n        5.94424066,  6.48111358,  9.55292997,  4.38971372,  8.89531267,\n        4.81007361,  3.88542486, 24.06038624, 24.44781425, 18.50056054,\n        8.11100948,  8.89510275, 29.28721852, 34.04398306,  6.61702977,\n        6.58576707,  6.8916091 , 31.68779238, 16.46967653,  6.98585197,\n        7.12680598,  8.85985281, 31.53310485,  8.34936182, 12.90038966,\n        2.29235806, 14.71920003, 13.7416733 ,  8.4387317 ,  6.28847924,\n       30.67007703, 16.31559953,  5.72200409, 25.57691618, 14.44144768,\n       27.39812177, 22.45468729, 23.396021  ,  4.05632311,  6.82049436,\n       30.88720395,  2.2192455 ,  8.59259179, 19.32678719, 19.38677699,\n       16.94872208,  9.70204321,  6.1357071 , 10.54984116,  6.56306783,\n        6.00169937,  5.12396469, 22.79022632, 14.02740893, 19.2768366 ,\n        7.12172576,  7.48097506,  6.97693484, 31.22559297, 14.26547675,\n        8.19321382,  4.16325202, 17.64777649, 17.13703003,  7.3973647 ,\n        6.30395397, 26.16952204, 36.66311998,  5.70002957,  8.39360924])"}, "args": {"data": "array([[ 4.96714153e-01, -1.38264301e-01,  6.47688538e-01,\n         1.52302986e+00, -2.34153375e-01, -2.34136957e-01,\n         1.57921282e+00,  7.67434729e-01, -4.69474386e-01,\n         5.42560044e-01],\n       [-4.63417693e-01, -4.65729754e-01,  2.41962272e-01,\n        -1.91328024e+00, -1.72491783e+00, -5.62287529e-01,\n        -1.01283112e+00,  3.14247333e-01, -9.08024076e-01,\n        -1.41230370e+00],\n       [ 1.46564877e+00, -2.25776300e-01,  6.75282047e-02,\n        -1.42474819e+00, -5.44382725e-01,  1.10922590e-01,\n        -1.15099358e+00,  3.75698018e-01, -6.00638690e-01,\n        -2.91693750e-01],\n       [-6.01706612e-01,  1.85227818e+00, -1.34972247e-02,\n        -1.05771093e+00,  8.22544912e-01, -1.22084365e+00,\n         2.08863595e-01, -1.95967012e+00, -1.32818605e+00,\n         1.96861236e-01],\n       [ 7.38466580e-01,  1.71368281e-01, -1.15648282e-01,\n        -3.01103696e-01, -1.47852199e+00, -7.19844208e-01,\n        -4.60638771e-01,  1.05712223e+00,  3.43618290e-01,\n        -1.76304016e+00],\n       [ 3.24083969e-01, -3.85082280e-01, -6.76922000e-01,\n         6.11676289e-01,  1.03099952e+00,  9.31280119e-01,\n        -8.39217523e-01, -3.09212376e-01,  3.31263431e-01,\n         9.75545127e-01],\n       [-4.79174238e-01, -1.85658977e-01, -1.10633497e+00,\n        -1.19620662e+00,  8.12525822e-01,  1.35624003e+00,\n        -7.20101216e-02,  1.00353290e+00,  3.61636025e-01,\n        -6.45119755e-01],\n       [ 3.61395606e-01,  1.53803657e+00, -3.58260391e-02,\n         1.56464366e+00, -2.61974510e+00,  8.21902504e-01,\n         8.70470682e-02, -2.99007350e-01,  9.17607765e-02,\n        -1.98756891e+00],\n       [-2.19671888e-01,  3.57112572e-01,  1.47789404e+00,\n        -5.18270218e-01, -8.08493603e-01, -5.01757044e-01,\n         9.15402118e-01,  3.28751110e-01, -5.29760204e-01,\n         5.13267433e-01],\n       [ 9.70775493e-02,  9.68644991e-01, -7.02053094e-01,\n        -3.27662147e-01, -3.92108153e-01, -1.46351495e+00,\n         2.96120277e-01,  2.61055272e-01,  5.11345664e-03,\n        -2.34587133e-01],\n       [-1.41537074e+00, -4.20645323e-01, -3.42714517e-01,\n        -8.02277269e-01, -1.61285712e-01,  4.04050857e-01,\n         1.88618590e+00,  1.74577813e-01,  2.57550391e-01,\n        -7.44459158e-02],\n       [-1.91877122e+00, -2.65138754e-02,  6.02302099e-02,\n         2.46324211e+00, -1.92360965e-01,  3.01547342e-01,\n        -3.47117697e-02, -1.16867804e+00,  1.14282281e+00,\n         7.51933033e-01],\n       [ 7.91031947e-01, -9.09387455e-01,  1.40279431e+00,\n        -1.40185106e+00,  5.86857094e-01,  2.19045563e+00,\n        -9.90536325e-01, -5.66297730e-01,  9.96513651e-02,\n        -5.03475654e-01],\n       [-1.55066343e+00,  6.85629748e-02, -1.06230371e+00,\n         4.73592431e-01, -9.19424234e-01,  1.54993441e+00,\n        -7.83253292e-01, -3.22061516e-01,  8.13517217e-01,\n        -1.23086432e+00],\n       [ 2.27459935e-01,  1.30714275e+00, -1.60748323e+00,\n         1.84633859e-01,  2.59882794e-01,  7.81822872e-01,\n        -1.23695071e+00, -1.32045661e+00,  5.21941566e-01,\n         2.96984673e-01],\n       [ 2.50492850e-01,  3.46448209e-01, -6.80024722e-01,\n         2.32253697e-01,  2.93072473e-01, -7.14351418e-01,\n         1.86577451e+00,  4.73832921e-01, -1.19130350e+00,\n         6.56553609e-01],\n       [-9.74681670e-01,  7.87084604e-01,  1.15859558e+00,\n        -8.20682318e-01,  9.63376129e-01,  4.12780927e-01,\n         8.22060160e-01,  1.89679298e+00, -2.45388116e-01,\n        -7.53736164e-01],\n       [-8.89514430e-01, -8.15810285e-01, -7.71017094e-02,\n         3.41151975e-01,  2.76690799e-01,  8.27183249e-01,\n         1.30018919e-02,  1.45353408e+00, -2.64656833e-01,\n         2.72016917e+00],\n       [ 6.25667348e-01, -8.57157556e-01, -1.07089250e+00,\n         4.82472415e-01, -2.23462785e-01,  7.14000494e-01,\n         4.73237625e-01, -7.28289127e-02, -8.46793718e-01,\n        -1.51484722e+00],\n       [-4.46514952e-01,  8.56398794e-01,  2.14093744e-01,\n        -1.24573878e+00,  1.73180926e-01,  3.85317380e-01,\n        -8.83857436e-01,  1.53725106e-01,  5.82087184e-02,\n        -1.14297030e+00],\n       [ 3.57787360e-01,  5.60784526e-01,  1.08305124e+00,\n         1.05380205e+00, -1.37766937e+00, -9.37825040e-01,\n         5.15035267e-01,  5.13785951e-01,  5.15047686e-01,\n         3.85273149e+00],\n       [ 5.70890511e-01,  1.13556564e+00,  9.54001763e-01,\n         6.51391251e-01, -3.15269245e-01,  7.58969220e-01,\n        -7.72825215e-01, -2.36818607e-01, -4.85363548e-01,\n         8.18741394e-02],\n       [ 2.31465857e+00, -1.86726519e+00,  6.86260190e-01,\n        -1.61271587e+00, -4.71931866e-01,  1.08895060e+00,\n         6.42800191e-02, -1.07774478e+00, -7.15303709e-01,\n         6.79597749e-01],\n       [-7.30366632e-01,  2.16458590e-01,  4.55718399e-02,\n        -6.51600348e-01,  2.14394409e+00,  6.33919022e-01,\n        -2.02514259e+00,  1.86454315e-01, -6.61786465e-01,\n         8.52433335e-01],\n       [-7.92520738e-01, -1.14736441e-01,  5.04987279e-01,\n         8.65755194e-01, -1.20029641e+00, -3.34501236e-01,\n        -4.74945311e-01, -6.53329233e-01,  1.76545424e+00,\n         4.04981711e-01],\n       [-1.26088395e+00,  9.17861947e-01,  2.12215620e+00,\n         1.03246526e+00, -1.51936997e+00, -4.84234073e-01,\n         1.26691115e+00, -7.07669466e-01,  4.43819428e-01,\n         7.74634053e-01],\n       [-9.26930472e-01, -5.95253561e-02, -3.24126734e+00,\n        -1.02438764e+00, -2.52568151e-01, -1.24778318e+00,\n         1.63241130e+00, -1.43014138e+00, -4.40044487e-01,\n         1.30740577e-01],\n       [ 1.44127329e+00, -1.43586215e+00,  1.16316375e+00,\n         1.02330610e-02, -9.81508651e-01,  4.62103474e-01,\n         1.99059696e-01, -6.00216877e-01,  6.98020850e-02,\n        -3.85313597e-01],\n       [ 1.13517345e-01,  6.62130675e-01,  1.58601682e+00,\n        -1.23781550e+00,  2.13303337e+00, -1.95208780e+00,\n        -1.51785095e-01,  5.88317206e-01,  2.80991868e-01,\n        -6.22699520e-01],\n       [-2.08122250e-01, -4.93000935e-01, -5.89364757e-01,\n         8.49602097e-01,  3.57015486e-01, -6.92909595e-01,\n         8.99599875e-01,  3.07299521e-01,  8.12862119e-01,\n         6.29628842e-01],\n       [-8.28995011e-01, -5.60181040e-01,  7.47293605e-01,\n         6.10370265e-01, -2.09015940e-02,  1.17327383e-01,\n         1.27766490e+00, -5.91571389e-01,  5.47097381e-01,\n        -2.02192652e-01],\n       [-2.17681203e-01,  1.09877685e+00,  8.25416349e-01,\n         8.13509636e-01,  1.30547881e+00,  2.10038416e-02,\n         6.81952971e-01, -3.10266757e-01,  3.24166352e-01,\n        -1.30143054e-01],\n       [ 9.69959650e-02,  5.95157025e-01, -8.18220683e-01,\n         2.09238728e+00, -1.00601738e+00, -1.21418861e+00,\n         1.15811087e+00,  7.91662694e-01,  6.24119817e-01,\n         6.28345509e-01],\n       [-1.22467728e-02, -8.97254371e-01,  7.58045582e-02,\n        -6.77161712e-01,  9.75119733e-01, -1.47057382e-01,\n        -8.25497197e-01, -3.21385842e-01,  4.12931454e-01,\n        -5.63724553e-01],\n       [-8.22220396e-01,  2.43687211e-01,  2.44966571e-01,\n        -5.06943175e-01, -4.71038306e-01,  2.32049937e-01,\n        -1.44808434e+00, -1.40746377e+00, -7.18444221e-01,\n        -2.13447152e-01],\n       [ 3.10907566e-01,  1.47535622e+00,  8.57659623e-01,\n        -1.59938530e-01, -1.90162079e-02, -1.00252936e+00,\n        -1.85131360e-02, -2.88658639e-01,  3.22718560e-01,\n        -8.27230944e-01],\n       [ 5.19346514e-01,  1.53273891e+00, -1.08760148e-01,\n         4.01711722e-01,  6.90143992e-01, -4.01220472e-01,\n         2.24092482e-01,  1.25924008e-02,  9.76760985e-02,\n        -7.73009784e-01],\n       [ 2.45101743e-02,  4.97998291e-01,  1.45114361e+00,\n         9.59270826e-01,  2.15318246e+00, -7.67347563e-01,\n         8.72320637e-01,  1.83342006e-01,  2.18980293e+00,\n        -8.08298285e-01],\n       [-8.39721842e-01, -5.99392645e-01, -2.12389572e+00,\n        -5.25755022e-01, -7.59132662e-01,  1.50393786e-01,\n         3.41755976e-01,  1.87617084e+00,  9.50423838e-01,\n        -5.76903656e-01],\n       [-8.98414671e-01,  4.91919172e-01, -1.32023321e+00,\n         1.83145877e+00,  1.17944012e+00, -4.69175652e-01,\n        -1.71313453e+00,  1.35387237e+00, -1.14539845e-01,\n         1.23781631e+00],\n       [-1.59442766e+00, -5.99375023e-01,  5.24369972e-03,\n         4.69805938e-02, -4.50065471e-01,  6.22849932e-01,\n        -1.06762043e+00, -1.42379485e-01,  1.20295632e-01,\n         5.14438834e-01],\n       [ 7.11614878e-01, -1.12464209e+00, -1.53411417e+00,\n         1.27767682e+00,  3.32314012e-01, -7.48486537e-01,\n         1.55115198e+00,  1.15674634e-01,  1.17929718e+00,\n         6.75184814e-02],\n       [ 2.06074792e+00,  1.75534084e+00, -2.48964148e-01,\n         9.71570951e-01,  6.45375950e-01,  1.36863156e+00,\n        -9.64923461e-01,  6.86051460e-01,  1.05842449e+00,\n        -1.75873949e+00],\n       [-1.18325851e+00, -2.03923218e+00, -2.69406834e-01,\n         7.17542256e-01,  1.50235705e+00,  7.40947804e-02,\n         1.62861555e+00, -1.38010146e+00, -1.70338244e+00,\n        -5.55476989e-02],\n       [ 3.84065449e-01, -3.26947481e-02, -2.06744210e+00,\n        -8.91200395e-02, -1.30446950e+00,  6.69672549e-01,\n         3.66598246e-01, -9.39879786e-01, -5.13866917e-01,\n        -1.05921352e+00],\n       [-6.26790973e-02,  9.55142321e-01, -9.85726046e-01,\n         5.04046516e-01, -5.30257618e-01, -7.92872832e-01,\n        -1.07030360e-01, -1.03524232e+00, -5.53649305e-01,\n        -1.19787789e+00],\n       [ 1.96472513e+00,  3.52635520e-02, -6.99725508e-01,\n         2.13979911e-01, -1.12328050e-01, -2.20969600e-01,\n         6.14166700e-01,  7.57507710e-01, -5.30501148e-01,\n        -5.75818241e-01],\n       [-2.75051697e-01, -2.30192116e+00, -1.51519106e+00,\n         1.36687427e+00,  1.64496771e+00, -2.49036040e-01,\n         5.76556963e-01,  3.11250155e-01,  3.07888081e+00,\n         1.11957491e+00],\n       [-1.27917591e-01, -9.55540441e-01, -1.60644632e+00,\n         2.03463636e-01, -7.56350745e-01, -1.42225371e+00,\n        -6.46572884e-01, -1.08154800e+00,  1.68714164e+00,\n         8.81639757e-01],\n       [-7.97264132e-03,  1.47994414e+00,  7.73683076e-02,\n        -8.61284201e-01,  1.52312408e+00,  5.38910044e-01,\n        -1.03724615e+00, -1.90338678e-01, -8.75618253e-01,\n        -1.38279973e+00],\n       [ 9.26177548e-01,  1.90941664e+00, -1.39856757e+00,\n         5.62969237e-01, -6.50642569e-01, -4.87125384e-01,\n        -5.92393924e-01, -8.63990770e-01,  4.85216279e-02,\n        -8.30950116e-01],\n       [ 2.70456826e-01, -5.02381094e-02, -2.38948047e-01,\n        -9.07563662e-01, -5.76771331e-01,  7.55391226e-01,\n         5.00917188e-01, -9.77555245e-01,  9.93323054e-02,\n         7.51387123e-01],\n       [-1.66940528e+00,  5.43360192e-01, -6.62623759e-01,\n         5.70598669e-01, -7.63259157e-01, -1.80488210e+00,\n        -1.62754244e+00,  4.80849467e-02,  2.59722502e-01,\n        -9.04316625e-01],\n       [ 6.38592459e-01, -1.66152006e+00, -6.60797986e-02,\n        -1.21101620e+00, -6.51836108e-01,  4.73986713e-02,\n        -8.60413365e-01, -3.84555544e-01,  1.00629281e+00,\n        -5.76891870e-01],\n       [ 8.35692112e-01, -1.12970685e+00,  5.29804178e-01,\n         1.44156862e+00, -2.47164450e+00, -7.96895255e-01,\n         5.77072127e-01, -2.03045386e-01,  3.71145873e-01,\n        -6.03985187e-01],\n       [ 8.65897875e-02, -1.55677235e-01,  1.16778206e+00,\n         2.54420843e-01,  3.37602662e-01, -4.11876966e-01,\n        -4.87606224e-01, -4.32558188e-01,  3.94452142e-01,\n        -4.20984481e-01],\n       [ 2.89774857e-01,  2.07540080e+00,  8.71124703e-01,\n        -3.26023532e-01,  1.20121392e+00, -4.08075373e-01,\n        -2.03812454e+00, -1.00808631e+00, -1.87079192e+00,\n        -3.51513484e-01],\n       [ 1.84183792e-02,  1.67643731e+00,  3.26927374e-01,\n        -2.19100529e-01,  8.29405581e-01, -2.21113531e+00,\n         2.35614558e-01,  7.70865194e-01, -1.47858625e+00,\n         1.14375404e+00],\n       [ 3.38496407e-01, -4.15287914e-01,  6.32781866e-01,\n         2.27069286e+00,  1.81866255e-01,  2.48220586e-01,\n        -4.59360900e-01, -8.49844369e-01,  8.30335817e-01,\n        -8.56083826e-01],\n       [ 7.15662372e-02, -4.77657447e-01,  4.78979826e-01,\n         3.33662105e-01,  1.03753994e+00, -5.10016399e-01,\n        -2.69874935e-01, -9.78763716e-01, -4.44293260e-01,\n         3.77300493e-01],\n       [ 7.56988617e-01, -9.22165324e-01,  8.69605920e-01,\n         1.35563786e+00,  4.13434903e-01,  1.87679581e+00,\n        -7.73789199e-01, -1.24465470e+00, -1.77872025e+00,\n         1.49604431e+00],\n       [ 6.54365656e-01, -5.55846709e-02,  2.79968626e-01,\n        -1.12548905e+00,  2.44575198e+00,  1.29221182e-01,\n         1.09394795e-01,  7.25766624e-01,  4.81009232e-01,\n         2.23884024e-01],\n       [-7.90474455e-01,  4.71468357e-01,  1.88202450e+00,\n         1.34542005e+00,  1.59318663e+00, -5.11215676e-01,\n        -9.89604820e-01, -1.25786920e-01,  5.57249123e-02,\n         1.09419152e+00],\n       [-1.69246463e+00,  1.52955032e+00, -1.58007899e-01,\n        -4.26881070e-01, -1.01210438e+00, -1.65485667e+00,\n         8.23170584e-01,  7.33179672e-02, -1.28996090e+00,\n        -1.29507877e+00],\n       [-3.35784699e-01,  1.66902153e+00, -2.59591351e-01,\n        -1.50314295e+00, -2.45743064e-01, -2.72723570e-01,\n        -2.69688664e+00, -5.42948665e-02, -2.30934530e-01,\n         6.96206365e-01],\n       [ 1.84895609e+00,  1.12656503e+00, -2.68888691e-01,\n        -1.10652591e+00,  2.57335980e+00,  5.92184340e-02,\n         1.39292919e-02, -2.41250871e-02,  1.98084761e-01,\n        -1.44360412e-01],\n       [-5.73662007e-01, -5.46858941e-01, -3.27532702e-02,\n        -5.43424771e-01, -7.12845783e-01,  1.06430228e-01,\n        -2.54977217e-01,  1.50399299e+00, -2.65096981e+00,\n         1.09150685e+00],\n       [ 1.24608519e+00, -2.07339023e+00, -3.42687594e-01,\n        -3.71440866e-01, -1.40751169e+00, -7.77816688e-01,\n        -1.11057585e+00,  1.75227044e+00,  9.35678393e-01,\n         1.27155509e+00],\n       [ 7.21672064e-01, -1.12905177e+00, -5.24520266e-01,\n         4.89374561e-01, -1.22212781e+00,  7.12998430e-01,\n        -2.40325398e-01, -3.74820808e-01,  7.10959968e-01,\n         4.44263311e-01],\n       [-3.60966166e-01,  1.15932980e+00, -1.08106333e+00,\n         6.15935607e-01,  5.93101258e-01, -3.09546439e-01,\n         3.26133022e-01, -1.25111358e+00,  9.24027019e-01,\n        -1.84902136e-01],\n       [-5.22723021e-01,  1.04900923e+00, -7.04343691e-01,\n        -1.40846130e+00, -1.55662917e+00,  6.06009951e-01,\n        -1.28042935e+00,  1.75479418e+00, -2.08192941e+00,\n         1.69645637e+00],\n       [ 2.11017467e-01, -9.67131119e-02, -5.44919087e-01,\n         3.99136114e-01, -3.76347024e-02,  1.10330188e+00,\n         1.14227649e-01,  1.50301761e-01, -3.63612212e-01,\n        -5.69456237e-02],\n       [ 3.07801769e-01, -1.71016839e+00, -1.34818542e+00,\n         7.43264094e-01,  1.70865438e-01, -1.83983336e-01,\n         1.84339331e-02,  3.47581705e-01, -5.39759680e-01,\n        -7.78304725e-01],\n       [ 1.95845255e-01, -9.78372778e-01,  4.08252756e-01,\n        -1.70258360e+00,  1.02915564e+00,  4.72597482e-01,\n         2.56029734e-01,  9.82690984e-01,  1.66547444e+00,\n         1.01437007e+00],\n       [-1.84087423e+00, -1.27957697e+00, -6.24818578e-01,\n         2.60910502e-02,  5.17659020e-01, -7.25743813e-01,\n         1.86766764e-01, -7.55382932e-01, -6.11517803e-01,\n        -1.40666110e+00],\n       [-9.23233246e-01, -1.35168461e+00, -9.75873253e-01,\n         1.05364180e+00, -9.49398889e-01,  2.63238206e+00,\n         4.93317901e-01,  1.84836124e-01, -8.58357780e-01,\n         7.00309879e-01],\n       [-5.75637826e-01,  1.22009815e-01,  2.56008454e+00,\n        -9.60598997e-02,  1.14927333e+00, -7.03176425e-01,\n        -3.49884905e-02,  1.77080064e+00, -6.26967058e-01,\n         1.81244856e+00],\n       [ 7.07751935e-01, -5.62466776e-01,  6.32407739e-01,\n         9.72554450e-01,  6.21809962e-01, -1.57022472e+00,\n        -7.27137176e-01, -2.47518636e-01, -7.44334291e-02,\n         6.20672098e-01],\n       [ 1.77701001e-01, -1.33534436e+00,  3.80197851e-01,\n         6.10585745e-01,  5.59790448e-01,  1.08078073e+00,\n         8.33922155e-01,  4.59180079e-01, -7.01657115e-02,\n        -1.66096093e+00],\n       [ 4.29618219e-01,  2.07687687e-01,  2.71578837e-01,\n        -1.27674858e+00, -1.08105654e+00,  1.05315285e+00,\n        -3.95551539e-02,  6.81500697e-01,  2.83183761e-02,\n         2.97561395e-02],\n       [ 9.38283806e-01, -5.16044728e-01,  9.61207769e-02,\n        -4.62275289e-01, -4.34496227e-01, -3.09172123e-01,\n         2.22133772e-01, -4.78748622e-01,  1.25575613e+00,\n        -8.94607302e-01],\n       [-1.86871644e-01, -4.39731058e-01,  1.44697788e+00,\n         1.96554777e-01,  1.03184454e+00, -1.48556037e+00,\n         2.67050266e-01,  8.89630796e-01,  8.22839893e-02,\n         1.06548038e+00],\n       [-5.17288450e-01,  1.40934744e+00,  2.29889812e+00,\n        -3.62838560e-01, -4.45502521e-01,  1.45338448e+00,\n         1.57957215e+00, -5.22860027e-01, -4.20186817e-01,\n        -2.81784609e-01],\n       [-1.34445051e+00, -9.18651946e-01, -1.00414077e+00,\n        -7.67797565e-01, -3.46848874e-02,  2.34214733e-01,\n         1.55050049e+00, -9.98354041e-01,  9.84322398e-01,\n        -2.13988844e-01],\n       [-4.94637097e-02,  6.74819492e-01, -1.12272202e+00,\n         3.82409746e-01,  1.66452208e-01,  4.92451264e-01,\n         2.89168644e-01,  2.45530014e+00, -6.37739984e-01,\n        -5.30996955e-01],\n       [-6.23140526e-01, -5.55477119e-01, -6.37387127e-01,\n         1.18901653e+00,  1.42050425e+00, -5.70746294e-01,\n        -8.32355573e-01,  4.71415556e-01, -5.52223044e-01,\n         6.32931818e-01],\n       [ 2.02923021e-01, -1.51574411e+00,  1.54750520e+00,\n         1.79587767e+00, -6.12788690e-01, -3.87701560e-01,\n         2.85865391e-01,  3.34456790e-01,  6.58544273e-01,\n         2.01020454e+00],\n       [-1.76947227e-01, -7.98297245e-01, -1.37931923e+00,\n        -7.30930040e-01, -3.31269729e-02,  1.79455786e+00,\n        -5.17611299e-01,  2.23787952e-01, -1.64228961e-02,\n         1.18839327e+00],\n       [ 2.52693243e+00, -5.30868773e-01, -4.89439443e-01,\n         1.04416088e+00,  6.81891490e-01,  1.84670733e+00,\n         5.83928185e-01, -3.59292091e-01,  5.90654831e-01,\n         1.10870358e+00],\n       [ 8.20482181e-01,  5.07274031e-01,  1.06667469e+00,\n         1.16929559e+00,  1.38215899e+00,  6.48709888e-01,\n        -1.67118080e-01,  1.46713686e-01,  1.20650897e+00,\n        -8.16935671e-01],\n       [ 3.68673309e-01, -3.93338812e-01,  2.87448229e-02,\n         1.27845186e+00,  1.91099068e-01,  4.64365482e-02,\n        -1.35985614e+00,  7.46253566e-01,  6.45484181e-01,\n         2.16325472e+00],\n       [-3.07778235e-01,  2.19150328e-01,  2.49383684e-01,\n         1.57745328e+00, -9.52955324e-02,  2.79021526e-01,\n         6.07896510e-01,  1.86609123e-01, -4.46433615e-01,\n         1.94089993e-01],\n       [ 1.07363175e+00, -1.02651530e+00,  1.32969674e-01,\n        -7.00120815e-01,  1.19504663e+00, -1.52318690e+00,\n        -5.58921847e-01,  3.77211875e-01,  1.56552403e+00,\n        -6.57502611e-02],\n       [-5.55199527e-01,  1.88115707e+00, -1.44801390e+00,\n        -2.19880596e+00,  4.40014450e-01, -5.02054224e-01,\n        -1.02123282e+00,  7.08356447e-01,  2.43800714e-01,\n        -5.64078631e-01],\n       [-1.28030440e+00,  8.72457328e-01,  6.50201178e-01,\n        -9.91758638e-02,  1.84663700e+00, -1.07008477e+00,\n        -1.52552517e+00, -6.91908070e-01, -4.55860164e-02,\n         2.43339449e-01],\n       [-2.41236058e-01,  3.52055397e-01, -1.25153942e+00,\n         1.44376460e+00, -8.21511784e-02,  1.11729583e+00,\n         3.42725346e-01,  4.56753219e-01,  5.69767280e-01,\n         4.47708560e-01],\n       [ 6.42722760e-01,  1.32915253e+00,  1.96521170e-01,\n         7.09003758e-01, -8.97356943e-02,  1.44011722e+00,\n        -6.76392302e-01,  1.80094043e+00, -4.01579506e-02,\n        -1.43077510e+00],\n       [ 1.28104415e-01, -6.81051657e-01,  8.40643549e-01,\n        -6.52623979e-01, -4.46183433e-01, -1.88954073e+00,\n        -4.52306319e-01, -2.42387933e+00, -1.58390282e+00,\n         7.60414656e-01],\n       [ 7.85800159e-01,  4.25457562e-01, -9.66976143e-01,\n        -4.77113561e-02, -3.60253909e-03, -1.15836469e+00,\n         1.50339830e+00,  8.77362291e-01, -2.20964174e-01,\n         2.68858390e-02],\n       [ 2.08382808e-01, -2.04173487e+00, -2.47177383e-01,\n        -6.81984248e-01, -1.00162001e+00, -2.81100293e-01,\n         1.79768653e+00,  6.40842861e-01, -5.71178990e-01,\n         5.72582781e-01]])"}, "kwargs": {}}, "return": ["array([-0.03386511, -0.0108495 , -0.03092803,  0.1485935 ,  0.14298044,\n       -0.03891445, -0.07116538,  0.04750031,  0.10499398,  0.03949932])", "array([[ 0.59907503, -0.05632106, -0.00692134, -0.06758511, -0.08267136,\n        -0.07777078,  0.03018968,  0.0496587 , -0.00314524, -0.1429927 ],\n       [-0.05632106,  0.90609416,  0.03453164, -0.0957018 ,  0.19505972,\n        -0.19362003, -0.24526329, -0.01920934, -0.17980653, -0.10936431],\n       [-0.00692134,  0.03453164,  0.96173906, -0.00637223,  0.18799988,\n        -0.16003391, -0.02861617,  0.04882903, -0.02098571,  0.14828719],\n       [-0.06758511, -0.0957018 , -0.00637223,  0.98871492, -0.15074927,\n        -0.07093347,  0.18737051, -0.07866257,  0.07912254,  0.20249371],\n       [-0.08267136,  0.19505972,  0.18799988, -0.15074927,  0.88718705,\n        -0.11514841, -0.24688107,  0.14885782, -0.07743292,  0.08472165],\n       [-0.07777078, -0.19362003, -0.16003391, -0.07093347, -0.11514841,\n         0.82208737, -0.07140482, -0.03575943, -0.02028477, -0.06213359],\n       [ 0.03018968, -0.24526329, -0.02861617,  0.18737051, -0.24688107,\n        -0.07140482,  0.90886559,  0.14988406,  0.04160983, -0.03065634],\n       [ 0.0496587 , -0.01920934,  0.04882903, -0.07866257,  0.14885782,\n        -0.03575943,  0.14988406,  0.6141273 , -0.10607202,  0.16064684],\n       [-0.00314524, -0.17980653, -0.02098571,  0.07912254, -0.07743292,\n        -0.02028477,  0.04160983, -0.10607202,  0.51781163,  0.02710545],\n       [-0.1429927 , -0.10936431,  0.14828719,  0.20249371,  0.08472165,\n        -0.06213359, -0.03065634,  0.16064684,  0.02710545,  0.80431925]])", "array([ True, False,  True, False,  True,  True,  True, False,  True,\n        True,  True,  True,  True,  True,  True,  True,  True,  True,\n        True,  True, False,  True, False,  True,  True,  True, False,\n        True,  True,  True,  True,  True,  True,  True,  True,  True,\n        True, False, False,  True,  True,  True, False, False,  True,\n        True,  True, False,  True,  True,  True,  True, False,  True,\n        True,  True,  True,  True,  True,  True, False,  True,  True,\n       False,  True, False, False, False,  True,  True, False,  True,\n        True,  True,  True,  True,  True,  True,  True,  True,  True,\n        True, False,  True,  True,  True,  True,  True, False,  True,\n        True,  True,  True,  True,  True,  True, False, False,  True,\n        True])"]}, "name": "reweight_covariance"}
{"types": {}, "values": {"inputs": {"self": {"store_precision": true, "assume_centered": false, "support_fraction": null, "random_state": null, "contamination": 0.2, "n_features_in_": 2, "raw_location_": "array([1.33333333, 1.33333333])", "raw_covariance_": "array([[ 0.22222222, -0.11111111],\n       [-0.11111111,  0.22222222]])", "raw_support_": "array([ True,  True,  True])", "location_": "array([1.33333333, 1.33333333])", "support_": "array([ True,  True,  True])", "dist_": "array([2., 2., 2.])"}, "args": {"data": "array([[1, 1],\n       [1, 2],\n       [2, 1]])"}, "kwargs": {}}, "return": ["array([1.33333333, 1.33333333])", "array([[ 0.22222222, -0.11111111],\n       [-0.11111111,  0.22222222]])", "array([ True,  True,  True])"]}, "name": "reweight_covariance"}
{"types": {}, "values": {"inputs": {"self": {"store_precision": true, "assume_centered": false, "support_fraction": null, "random_state": null, "contamination": 0.1, "n_features_in_": 2, "raw_location_": "array([1.33333333, 1.33333333])", "raw_covariance_": "array([[ 0.22222222, -0.11111111],\n       [-0.11111111,  0.22222222]])", "raw_support_": "array([ True,  True,  True])", "location_": "array([1.33333333, 1.33333333])", "support_": "array([ True,  True,  True])", "dist_": "array([2., 2., 2.])"}, "args": {"data": "array([[1, 1],\n       [1, 2],\n       [2, 1]])"}, "kwargs": {}}, "return": ["array([1.33333333, 1.33333333])", "array([[ 0.22222222, -0.11111111],\n       [-0.11111111,  0.22222222]])", "array([ True,  True,  True])"]}, "name": "reweight_covariance"}
