{"types": {}, "values": {"inputs": {"self": {"n_components": 4, "kernel": "linear", "kernel_params": null, "gamma": null, "degree": 3, "coef0": 1, "alpha": 1.0, "fit_inverse_transform": true, "eigen_solver": "auto", "tol": 0, "max_iter": null, "iterated_power": "auto", "remove_zero_eig": false, "random_state": null, "n_jobs": null, "copy_X": true, "n_features_in_": 4, "gamma_": 0.25, "_centerer": "KernelCenterer()"}, "args": {"K": "array([[1.9383451 , 0.76780201, 1.4940289 , 0.75654844, 1.10337231],\n       [0.76780201, 0.80231093, 1.04554899, 0.33242197, 0.40667125],\n       [1.4940289 , 1.04554899, 1.80385488, 0.83237389, 0.8458076 ],\n       [0.75654844, 0.33242197, 0.83237389, 0.80474618, 0.49664166],\n       [1.10337231, 0.40667125, 0.8458076 , 0.49664166, 0.63932357]])"}, "kwargs": {}}, "return": "array([[ 0.40034699, -0.22912778, -0.03627271, -0.21397676,  0.07903026],\n       [-0.22912778,  0.34644946,  0.05631569, -0.0970349 , -0.07660247],\n       [-0.03627271,  0.05631569,  0.28124976, -0.1304548 , -0.17083794],\n       [-0.21397676, -0.0970349 , -0.1304548 ,  0.40169392,  0.03977254],\n       [ 0.07903026, -0.07660247, -0.17083794,  0.03977254,  0.1286376 ]])"}, "name": "_fit_transform_in_place"}
{"types": {}, "values": {"inputs": {"self": {"n_components": 4, "kernel": "linear", "kernel_params": null, "gamma": null, "degree": 3, "coef0": 1, "alpha": 1.0, "fit_inverse_transform": true, "eigen_solver": "auto", "tol": 0, "max_iter": null, "iterated_power": "auto", "remove_zero_eig": false, "random_state": null, "n_jobs": null, "copy_X": true, "n_features_in_": 4, "gamma_": 0.25, "_centerer": "KernelCenterer()", "eigenvalues_": "array([0.67172736, 0.59605139, 0.27330248, 0.01729648])", "eigenvectors_": "array([[ 0.76342447, -0.09259505, -0.0229007 , -0.45616313],\n       [-0.50035441, -0.39271431, -0.557311  , -0.29124797],\n       [-0.1127052 , -0.50972021,  0.65170483,  0.3205677 ],\n       [-0.34241013,  0.70042487,  0.32591984, -0.29314938],\n       [ 0.19204528,  0.29460471, -0.39741298,  0.71999278]])", "dual_coef_": "array([[0.41223819, 0.76227051, 0.56776005, 0.60362002],\n       [0.2314637 , 0.27132287, 0.17265579, 0.75771131],\n       [0.58645017, 0.665484  , 0.09582335, 0.82626261],\n       [0.71834192, 0.33384647, 0.22701219, 0.34155594],\n       [0.31986467, 0.5189531 , 0.36118065, 0.38022825]])", "X_transformed_fit_": "array([[ 0.62569487, -0.07148742, -0.01197211, -0.0599928 ],\n       [-0.41008535, -0.30319259, -0.29135294, -0.0383038 ],\n       [-0.09237202, -0.39352625,  0.34070047,  0.04215981],\n       [-0.28063583,  0.54075857,  0.17038548, -0.03855386],\n       [ 0.15739834,  0.22744769, -0.20776091,  0.09469064]])", "X_fit_": "array([[0.37454012, 0.95071431, 0.73199394, 0.59865848],\n       [0.15601864, 0.15599452, 0.05808361, 0.86617615],\n       [0.60111501, 0.70807258, 0.02058449, 0.96990985],\n       [0.83244264, 0.21233911, 0.18182497, 0.18340451],\n       [0.30424224, 0.52475643, 0.43194502, 0.29122914]])"}, "args": {"K": "array([[1.9383451 , 0.76780201, 1.4940289 , 0.75654844, 1.10337231],\n       [0.76780201, 0.80231093, 1.04554899, 0.33242197, 0.40667125],\n       [1.4940289 , 1.04554899, 1.80385488, 0.83237389, 0.8458076 ],\n       [0.75654844, 0.33242197, 0.83237389, 0.80474618, 0.49664166],\n       [1.10337231, 0.40667125, 0.8458076 , 0.49664166, 0.63932357]])"}, "kwargs": {}}, "return": "array([[ 0.40034699, -0.22912778, -0.03627271, -0.21397676,  0.07903026],\n       [-0.22912778,  0.34644946,  0.05631569, -0.0970349 , -0.07660247],\n       [-0.03627271,  0.05631569,  0.28124976, -0.1304548 , -0.17083794],\n       [-0.21397676, -0.0970349 , -0.1304548 ,  0.40169392,  0.03977254],\n       [ 0.07903026, -0.07660247, -0.17083794,  0.03977254,  0.1286376 ]])"}, "name": "_fit_transform_in_place"}
{"types": {}, "values": {"inputs": {"self": {"n_components": 4, "kernel": "rbf", "kernel_params": null, "gamma": null, "degree": 3, "coef0": 1, "alpha": 1.0, "fit_inverse_transform": true, "eigen_solver": "auto", "tol": 0, "max_iter": null, "iterated_power": "auto", "remove_zero_eig": false, "random_state": null, "n_jobs": null, "copy_X": true, "n_features_in_": 4, "gamma_": 0.25, "_centerer": "KernelCenterer()"}, "args": {"K": "array([[1.        , 0.73988316, 0.82817107, 0.73528389, 0.91143863],\n       [0.73988316, 1.        , 0.87917883, 0.79013355, 0.85464167],\n       [0.82817107, 0.87917883, 1.        , 0.78980964, 0.82870519],\n       [0.73528389, 0.79013355, 0.78980964, 1.        , 0.89342168],\n       [0.91143863, 0.85464167, 0.82870519, 0.89342168, 1.        ]])"}, "kwargs": {}}, "return": "array([[ 0.17414268, -0.09578625, -0.01990384, -0.08934782,  0.03089523],\n       [-0.09578625,  0.1545185 ,  0.02129183, -0.04431026, -0.03571382],\n       [-0.01990384,  0.02129183,  0.12970749, -0.05703967, -0.0740558 ],\n       [-0.08934782, -0.04431026, -0.05703967,  0.17659388,  0.01410387],\n       [ 0.03089523, -0.03571382, -0.0740558 ,  0.01410387,  0.06477052]])"}, "name": "_fit_transform_in_place"}
{"types": {}, "values": {"inputs": {"self": {"n_components": 4, "kernel": "rbf", "kernel_params": null, "gamma": null, "degree": 3, "coef0": 1, "alpha": 1.0, "fit_inverse_transform": true, "eigen_solver": "auto", "tol": 0, "max_iter": null, "iterated_power": "auto", "remove_zero_eig": false, "random_state": null, "n_jobs": null, "copy_X": true, "n_features_in_": 4, "gamma_": 0.25, "_centerer": "KernelCenterer()", "eigenvalues_": "array([0.28870155, 0.26194234, 0.12748517, 0.02160402])", "eigenvectors_": "array([[ 0.74712909, -0.17926713, -0.01978478, -0.45746037],\n       [-0.53582974, -0.33126957, -0.56811275, -0.28353988],\n       [-0.17806312, -0.4947925 ,  0.65276383,  0.31204694],\n       [-0.26403054,  0.73500138,  0.32016579, -0.29589644],\n       [ 0.23079431,  0.27032781, -0.38503209,  0.72484975]])", "dual_coef_": "array([[ 0.01578641,  0.47885578,  0.45026581,  0.12597668],\n       [-0.19476787, -0.22940076, -0.14139807,  0.35622758],\n       [ 0.22433803,  0.27521569, -0.19173026,  0.44754811],\n       [ 0.42998678, -0.16853489, -0.03806788, -0.24490839],\n       [-0.07167138,  0.09356259,  0.17237662, -0.16957998]])", "X_transformed_fit_": "array([[ 0.40143959, -0.09174946, -0.00706417, -0.06723893],\n       [-0.28790644, -0.16954477, -0.20284503, -0.04167556],\n       [-0.09567501, -0.2532363 ,  0.23306975,  0.04586561],\n       [-0.14186613,  0.37617593,  0.1143154 , -0.04349177],\n       [ 0.12400799,  0.13835459, -0.13747596,  0.10654064]])", "X_fit_": "array([[0.37454012, 0.95071431, 0.73199394, 0.59865848],\n       [0.15601864, 0.15599452, 0.05808361, 0.86617615],\n       [0.60111501, 0.70807258, 0.02058449, 0.96990985],\n       [0.83244264, 0.21233911, 0.18182497, 0.18340451],\n       [0.30424224, 0.52475643, 0.43194502, 0.29122914]])"}, "args": {"K": "array([[1.        , 0.73988316, 0.82817107, 0.73528389, 0.91143863],\n       [0.73988316, 1.        , 0.87917883, 0.79013355, 0.85464167],\n       [0.82817107, 0.87917883, 1.        , 0.78980964, 0.82870519],\n       [0.73528389, 0.79013355, 0.78980964, 1.        , 0.89342168],\n       [0.91143863, 0.85464167, 0.82870519, 0.89342168, 1.        ]])"}, "kwargs": {}}, "return": "array([[ 0.17414268, -0.09578625, -0.01990384, -0.08934782,  0.03089523],\n       [-0.09578625,  0.1545185 ,  0.02129183, -0.04431026, -0.03571382],\n       [-0.01990384,  0.02129183,  0.12970749, -0.05703967, -0.0740558 ],\n       [-0.08934782, -0.04431026, -0.05703967,  0.17659388,  0.01410387],\n       [ 0.03089523, -0.03571382, -0.0740558 ,  0.01410387,  0.06477052]])"}, "name": "_fit_transform_in_place"}
{"types": {}, "values": {"inputs": {"self": {"n_components": 4, "kernel": "poly", "kernel_params": null, "gamma": null, "degree": 3, "coef0": 1, "alpha": 1.0, "fit_inverse_transform": true, "eigen_solver": "auto", "tol": 0, "max_iter": null, "iterated_power": "auto", "remove_zero_eig": false, "random_state": null, "n_jobs": null, "copy_X": true, "n_features_in_": 4, "gamma_": 0.25, "_centerer": "KernelCenterer()"}, "args": {"K": "array([[3.27202282, 1.69345891, 2.59115174, 1.68149584, 2.07678617],\n       [1.69345891, 1.730497  , 2.00699046, 1.27061002, 1.33706334],\n       [2.59115174, 2.00699046, 3.0547077 , 1.76320014, 1.77794584],\n       [1.68149584, 1.27061002, 1.76320014, 1.73313095, 1.4206427 ],\n       [2.07678617, 1.33706334, 1.77794584, 1.4206427 , 1.56021344]])"}, "kwargs": {}}, "return": "array([[ 0.60962712, -0.31367764, -0.04706004, -0.2917327 ,  0.04284327],\n       [-0.31367764,  0.3786196 ,  0.02403783, -0.04735937, -0.04162041],\n       [-0.04706004,  0.02403783,  0.44067984, -0.18584447, -0.23181315],\n       [-0.2917327 , -0.04735937, -0.18584447,  0.44906958,  0.07586696],\n       [ 0.04284327, -0.04162041, -0.23181315,  0.07586696,  0.15472333]])"}, "name": "_fit_transform_in_place"}
