{"types": {}, "values": {"inputs": {"self": {"priors": null, "var_smoothing": 1e-09, "classes_": "array([0, 1, 2])", "n_features_in_": 2, "epsilon_": 1.071454225584311e-09, "theta_": "array([[ 0.92117073, -1.3032822 ],\n       [-0.71898123,  0.26969359],\n       [-0.17226391,  0.98868704]])", "var_": "array([[0.79720972, 0.01107252],\n       [0.48473107, 0.06887209],\n       [0.53755602, 0.0895634 ]])", "class_count_": "array([40., 40., 40.])", "class_prior_": "array([0.33333333, 0.33333333, 0.33333333])"}, "args": {"X": "array([[ 1.01900435, -1.34022653],\n       [-0.13197948, -1.34022653],\n       [ 0.32841405, -1.39706395],\n       [ 0.09821729, -1.2833891 ],\n       [ 1.24920112, -1.34022653],\n       [ 1.93979142, -1.16971425],\n       [ 0.78880759, -1.34022653],\n       [ 0.78880759, -1.2833891 ],\n       [-0.36217625, -1.34022653],\n       [ 0.09821729, -1.2833891 ],\n       [ 0.32841405,  0.53540856],\n       [ 0.32841405,  0.42173371],\n       [ 0.09821729,  0.64908342],\n       [-1.74335684,  0.13754657],\n       [-0.59237301,  0.47857113],\n       [-0.59237301,  0.42173371],\n       [ 0.55861082,  0.53540856],\n       [-1.51316008, -0.26031542],\n       [-0.36217625,  0.47857113],\n       [-0.82256978,  0.08070915],\n       [ 0.55861082,  1.27429511],\n       [-0.82256978,  0.76275827],\n       [-0.13197948,  1.21745768],\n       [-0.36217625,  1.0469454 ],\n       [-0.13197948,  1.16062026],\n       [-0.13197948,  1.61531967],\n       [-1.28296331,  0.42173371],\n       [-0.36217625,  1.44480739],\n       [-1.28296331,  1.16062026],\n       [ 1.24920112,  1.33113254]])"}, "kwargs": {}}, "return": "array([[1.00000000e+000, 1.64257611e-010, 8.66176328e-015],\n       [9.99999995e-001, 5.17388705e-009, 6.45222092e-014],\n       [9.99999999e-001, 5.35614928e-010, 9.97058069e-015],\n       [9.99999990e-001, 9.98138241e-009, 1.89757658e-013],\n       [1.00000000e+000, 7.24501623e-011, 5.26446625e-015],\n       [1.00000000e+000, 4.40939938e-010, 1.46939044e-013],\n       [1.00000000e+000, 3.56781526e-010, 1.38011248e-014],\n       [9.99999999e-001, 1.25955122e-009, 5.68771156e-014],\n       [9.99999991e-001, 9.07083732e-009, 8.75585237e-014],\n       [9.99999990e-001, 9.98138241e-009, 1.89757658e-013],\n       [1.93394879e-066, 4.79780688e-001, 5.20219312e-001],\n       [1.79294765e-058, 7.13262048e-001, 2.86737952e-001],\n       [3.83507878e-075, 3.01779043e-001, 6.98220957e-001],\n       [1.46236699e-042, 9.95102209e-001, 4.89779115e-003],\n       [2.84012893e-063, 8.12548058e-001, 1.87451942e-001],\n       [2.13994872e-059, 8.76244264e-001, 1.23755736e-001],\n       [3.28456636e-066, 4.08712147e-001, 5.91287853e-001],\n       [3.23543885e-022, 9.99619812e-001, 3.80188490e-004],\n       [4.53405894e-063, 7.72283951e-001, 2.27716049e-001],\n       [1.02473169e-038, 9.92670740e-001, 7.32926038e-003],\n       [2.81747170e-130, 3.79929235e-004, 9.99620071e-001],\n       [9.47989649e-085, 2.86049541e-001, 7.13950459e-001],\n       [3.80084646e-125, 1.65901513e-003, 9.98340985e-001],\n       [4.09079798e-109, 1.36325033e-002, 9.86367497e-001],\n       [1.20284447e-119, 3.11528137e-003, 9.96884719e-001],\n       [9.21761746e-167, 1.47511594e-005, 9.99985249e-001],\n       [6.21608473e-060, 9.32709716e-001, 6.72902843e-002],\n       [2.15601596e-148, 1.54014128e-004, 9.99845986e-001],\n       [3.57841958e-120, 1.00008844e-002, 9.89999116e-001],\n       [2.15706838e-135, 7.80610815e-005, 9.99921939e-001]])"}, "name": "predict_proba"}
{"types": {}, "values": {"inputs": {"self": {"priors": null, "var_smoothing": 1e-09, "classes_": "array([0, 1, 2])", "n_features_in_": 2, "epsilon_": 9.971973587919154e-10, "theta_": "array([[ 0.72550347, -1.29901939],\n       [-0.59237301,  0.30237511],\n       [-0.14924424,  1.02136856]])", "var_": "array([[0.62260586, 0.00936641],\n       [0.42657394, 0.07443056],\n       [0.42760063, 0.08592304]])", "class_count_": "array([40., 40., 40.])", "class_prior_": "array([0.33333333, 0.33333333, 0.33333333])"}, "args": {"X": "array([[ 1.47939788, -1.2833891 ],\n       [ 0.78880759, -1.22655167],\n       [-0.13197948, -1.34022653],\n       [-0.13197948, -1.51073881],\n       [ 2.16998818, -1.45390138],\n       [ 3.09077525, -1.2833891 ],\n       [ 1.93979142, -1.39706395],\n       [ 1.01900435, -1.34022653],\n       [ 1.70959465, -1.16971425],\n       [ 1.70959465, -1.2833891 ],\n       [-2.43394714, -0.14664056],\n       [-0.13197948,  0.25122143],\n       [-1.97355361,  0.13754657],\n       [-0.36217625,  0.53540856],\n       [-0.36217625, -0.08980313],\n       [ 0.09821729,  0.36489628],\n       [-0.13197948,  0.42173371],\n       [-0.82256978,  0.194384  ],\n       [-1.97355361,  0.42173371],\n       [-1.28296331,  0.08070915],\n       [ 0.32841405,  0.76275827],\n       [-0.82256978,  0.87643312],\n       [-0.13197948,  0.99010798],\n       [-1.28296331,  0.70592084],\n       [-0.59237301,  0.76275827],\n       [ 0.32841405,  0.87643312],\n       [-0.13197948,  0.99010798],\n       [ 1.70959465,  1.6721571 ],\n       [-1.05276654,  1.78583195],\n       [-1.97355361,  0.70592084]])"}, "kwargs": {}}, "return": "array([[1.00000000e+000, 2.06346849e-010, 1.07845162e-015],\n       [9.99999991e-001, 9.20874620e-009, 3.20738642e-014],\n       [9.99999991e-001, 8.87666229e-009, 6.32830421e-015],\n       [9.99999998e-001, 1.69437240e-009, 4.92398419e-016],\n       [1.00000000e+000, 1.07801164e-012, 4.66041107e-018],\n       [1.00000000e+000, 2.22323490e-013, 6.33502404e-018],\n       [1.00000000e+000, 4.77890734e-012, 2.18748965e-017],\n       [1.00000000e+000, 3.22094678e-010, 7.61998496e-016],\n       [9.99999998e-001, 2.17611654e-009, 2.74275801e-014],\n       [1.00000000e+000, 8.74203377e-011, 5.81633705e-016],\n       [2.59250501e-032, 9.99847148e-001, 1.52851634e-004],\n       [3.12434186e-056, 9.62988651e-001, 3.70113488e-002],\n       [1.07662417e-049, 9.97743434e-001, 2.25656564e-003],\n       [9.93792873e-079, 7.45230739e-001, 2.54769261e-001],\n       [3.39642826e-034, 9.98006025e-001, 1.99397482e-003],\n       [1.76470080e-064, 8.87667782e-001, 1.12332218e-001],\n       [3.54331801e-069, 8.60751023e-001, 1.39248977e-001],\n       [7.63349721e-053, 9.88369372e-001, 1.16306284e-002],\n       [1.52424660e-070, 9.76459700e-001, 2.35403000e-002],\n       [1.63085534e-045, 9.97087657e-001, 2.91234333e-003],\n       [1.00948621e-098, 1.55953074e-001, 8.44046926e-001],\n       [1.10917652e-110, 1.75012980e-001, 8.24987020e-001],\n       [4.42898234e-122, 3.40028125e-002, 9.65997187e-001],\n       [1.90650843e-094, 6.22932384e-001, 3.77067616e-001],\n       [2.18928717e-099, 3.24746845e-001, 6.75253155e-001],\n       [5.86143901e-110, 6.03398305e-002, 9.39660169e-001],\n       [4.42898234e-122, 3.40028125e-002, 9.65997187e-001],\n       [1.67724308e-202, 4.84436182e-006, 9.99995156e-001],\n       [3.68035470e-220, 2.48323289e-005, 9.99975168e-001],\n       [9.27459842e-095, 7.70945135e-001, 2.29054865e-001]])"}, "name": "predict_proba"}
{"types": {}, "values": {"inputs": {"self": {"priors": null, "var_smoothing": 1e-09, "classes_": "array([0, 1, 2])", "n_features_in_": 2, "epsilon_": 1.128566264095486e-09, "theta_": "array([[ 0.87513137, -1.31749156],\n       [-0.70747139,  0.25264236],\n       [-0.18377375,  1.0270523 ]])", "var_": "array([[0.88411423, 0.00707478],\n       [0.58024654, 0.06646538],\n       [0.62128109, 0.09248094]])", "class_count_": "array([40., 40., 40.])", "class_prior_": "array([0.33333333, 0.33333333, 0.33333333])"}, "args": {"X": "array([[ 0.78880759, -1.16971425],\n       [ 1.47939788, -1.2833891 ],\n       [ 1.24920112, -1.56757623],\n       [ 0.55861082, -1.16971425],\n       [ 0.78880759, -1.05603939],\n       [-0.13197948, -1.22655167],\n       [ 0.78880759, -1.22655167],\n       [ 1.01900435, -1.2833891 ],\n       [ 0.78880759, -1.34022653],\n       [ 0.32841405, -1.22655167],\n       [ 0.32841405,  0.59224599],\n       [-0.59237301,  0.13754657],\n       [-1.28296331,  0.64908342],\n       [-0.59237301,  0.53540856],\n       [-0.36217625,  0.30805885],\n       [-0.13197948,  0.36489628],\n       [-0.59237301,  0.59224599],\n       [-0.13197948,  0.70592084],\n       [-0.36217625,  0.42173371],\n       [-1.05276654, -0.14664056],\n       [ 0.32841405,  1.10378283],\n       [-0.59237301,  0.64908342],\n       [-0.59237301,  1.6721571 ],\n       [-0.82256978,  0.64908342],\n       [ 0.55861082,  1.10378283],\n       [ 0.32841405,  1.27429511],\n       [-0.59237301,  0.59224599],\n       [-0.13197948,  0.64908342],\n       [-0.59237301,  1.0469454 ],\n       [-0.13197948,  1.16062026]])"}, "kwargs": {}}, "return": "array([[9.99999932e-001, 6.75548621e-008, 3.37984763e-012],\n       [1.00000000e+000, 1.70744232e-010, 1.38977020e-014],\n       [1.00000000e+000, 2.00340082e-011, 8.86379063e-016],\n       [9.99999877e-001, 1.23140929e-007, 4.89389747e-012],\n       [9.99981304e-001, 1.86951884e-005, 1.25616743e-009],\n       [9.99999932e-001, 6.84871280e-008, 1.24589961e-012],\n       [9.99999993e-001, 7.48884999e-009, 3.30007664e-013],\n       [9.99999999e-001, 6.63736409e-010, 3.30764240e-014],\n       [1.00000000e+000, 3.12989979e-010, 1.11478222e-014],\n       [9.99999976e-001, 2.41143310e-008, 6.74570821e-013],\n       [5.92870342e-112, 4.11040015e-001, 5.88959985e-001],\n       [8.47123055e-066, 9.89017051e-001, 1.09829494e-002],\n       [9.45243666e-120, 6.16889069e-001, 3.83110931e-001],\n       [4.19279034e-106, 7.36452318e-001, 2.63547682e-001],\n       [8.83588744e-082, 9.47549394e-001, 5.24506059e-002],\n       [2.45610901e-087, 8.99510291e-001, 1.00489709e-001],\n       [1.25088047e-112, 6.16994599e-001, 3.83005401e-001],\n       [4.82926322e-126, 2.55026584e-001, 7.44973416e-001],\n       [1.78643194e-093, 8.68540807e-001, 1.31459193e-001],\n       [9.33673692e-043, 9.99044935e-001, 9.55064605e-004],\n       [3.73114661e-180, 2.64580577e-003, 9.97354194e-001],\n       [2.29524306e-119, 4.78098892e-001, 5.21901108e-001],\n       [4.49648000e-274, 3.41891699e-006, 9.99996581e-001],\n       [1.67421263e-119, 5.26569865e-001, 4.73430135e-001],\n       [5.27010080e-180, 2.11553548e-003, 9.97884465e-001],\n       [2.92697153e-206, 3.23584547e-004, 9.99676415e-001],\n       [1.25088047e-112, 6.16994599e-001, 3.83005401e-001],\n       [4.55770689e-119, 3.78990242e-001, 6.21009758e-001],\n       [2.59904458e-172, 1.18700226e-002, 9.88129977e-001],\n       [6.11843410e-189, 2.04695421e-003, 9.97953046e-001]])"}, "name": "predict_proba"}
{"types": {}, "values": {"inputs": {"self": {"priors": null, "var_smoothing": 1e-09, "classes_": "array([0, 1, 2])", "n_features_in_": 2, "epsilon_": 9.916994633504863e-10, "theta_": "array([[ 0.83484694, -1.29901939],\n       [-0.6499222 ,  0.28390295],\n       [-0.2298131 ,  1.01000108]])", "var_": "array([[0.72914999, 0.01065861],\n       [0.48155163, 0.07299097],\n       [0.52430839, 0.10330309]])", "class_count_": "array([40., 40., 40.])", "class_prior_": "array([0.33333333, 0.33333333, 0.33333333])"}, "args": {"X": "array([[ 0.09821729, -1.22655167],\n       [ 0.78880759, -1.2833891 ],\n       [ 2.40018495, -1.2833891 ],\n       [ 2.63038172, -1.34022653],\n       [ 0.09821729, -1.2833891 ],\n       [ 0.32841405, -1.45390138],\n       [ 1.01900435, -1.39706395],\n       [ 1.24920112, -1.34022653],\n       [-0.13197948, -1.39706395],\n       [ 0.78880759, -1.2833891 ],\n       [-1.51316008,  0.02387172],\n       [-1.51316008, -0.03296571],\n       [-0.82256978,  0.08070915],\n       [-0.82256978,  0.76275827],\n       [-0.13197948,  0.42173371],\n       [ 0.78880759,  0.42173371],\n       [ 0.09821729,  0.53540856],\n       [-1.74335684,  0.36489628],\n       [-0.13197948,  0.194384  ],\n       [-1.28296331,  0.13754657],\n       [-0.59237301,  1.33113254],\n       [ 1.70959465,  1.50164482],\n       [-0.59237301,  1.0469454 ],\n       [-0.59237301,  0.76275827],\n       [-1.05276654,  1.0469454 ],\n       [-0.13197948,  1.33113254],\n       [ 0.78880759,  1.0469454 ],\n       [ 0.09821729,  0.99010798],\n       [-0.13197948,  0.59224599],\n       [ 0.09821729,  0.93327055]])"}, "kwargs": {}}, "return": "array([[9.99999920e-001, 7.96422641e-008, 1.93942693e-011],\n       [9.99999997e-001, 2.73359444e-009, 1.25406336e-012],\n       [1.00000000e+000, 8.01917367e-012, 2.46851621e-014],\n       [1.00000000e+000, 9.27669345e-013, 3.75177618e-015],\n       [9.99999981e-001, 1.89982132e-008, 4.41009408e-012],\n       [9.99999999e-001, 6.62882469e-010, 1.79203951e-013],\n       [1.00000000e+000, 1.64429681e-010, 9.10558224e-014],\n       [1.00000000e+000, 1.92420336e-010, 1.40411120e-013],\n       [9.99999996e-001, 4.16176945e-009, 7.40494248e-013],\n       [9.99999997e-001, 2.73359444e-009, 1.25406336e-012],\n       [3.69213973e-037, 9.94814531e-001, 5.18546854e-003],\n       [4.60599230e-034, 9.96279937e-001, 3.72006300e-003],\n       [7.20608655e-040, 9.88077642e-001, 1.19223584e-002],\n       [1.27713926e-087, 3.19827150e-001, 6.80172850e-001],\n       [6.52468842e-061, 8.16320823e-001, 1.83679177e-001],\n       [6.35444345e-060, 6.45946877e-001, 3.54053123e-001],\n       [6.68961195e-069, 5.97373166e-001, 4.02626834e-001],\n       [3.04314298e-058, 9.58062536e-001, 4.19374642e-002],\n       [5.47492354e-046, 9.57372500e-001, 4.26274997e-002],\n       [1.53818959e-043, 9.87814750e-001, 1.21852500e-002],\n       [1.41821267e-141, 1.26017034e-003, 9.98739830e-001],\n       [2.88344611e-158, 1.72852993e-005, 9.99982715e-001],\n       [5.46430849e-113, 2.54893669e-002, 9.74510633e-001],\n       [1.77992467e-087, 2.81553034e-001, 7.18446966e-001],\n       [3.19441361e-113, 3.59769000e-002, 9.64023100e-001],\n       [2.68959836e-141, 8.52420156e-004, 9.99147580e-001],\n       [5.33193690e-112, 7.20784455e-003, 9.92792155e-001],\n       [3.45297331e-107, 2.46798981e-002, 9.75320102e-001],\n       [2.04086477e-073, 5.34992236e-001, 4.65007764e-001],\n       [5.98996218e-102, 4.21923017e-002, 9.57807698e-001]])"}, "name": "predict_proba"}
{"types": {}, "values": {"inputs": {"self": {"priors": null, "var_smoothing": 1e-09, "classes_": "array([0, 1, 2])", "n_features_in_": 2, "epsilon_": 1.03843448837034e-09, "theta_": "array([[ 0.90966089, -1.30612407],\n       [-0.63841237,  0.3180054 ],\n       [-0.22405819,  1.05120821]])", "var_": "array([[0.67294688, 0.00933613],\n       [0.57282786, 0.06410712],\n       [0.58501569, 0.10876868]])", "class_count_": "array([40., 40., 40.])", "class_prior_": "array([0.33333333, 0.33333333, 0.33333333])"}, "args": {"X": "array([[ 1.01900435, -1.39706395],\n       [-1.74335684, -1.39706395],\n       [ 0.32841405, -1.39706395],\n       [ 1.01900435, -1.22655167],\n       [ 1.70959465, -1.05603939],\n       [-0.13197948, -1.34022653],\n       [ 1.70959465, -1.22655167],\n       [ 0.32841405, -1.34022653],\n       [ 1.47939788, -1.2833891 ],\n       [ 0.55861082, -1.34022653],\n       [-1.05276654,  0.36489628],\n       [-0.13197948,  0.47857113],\n       [-1.05276654,  0.13754657],\n       [-1.74335684, -0.26031542],\n       [-0.82256978,  0.25122143],\n       [-0.13197948,  0.25122143],\n       [-0.36217625,  0.25122143],\n       [-0.36217625,  0.30805885],\n       [-1.28296331, -0.4308277 ],\n       [-0.59237301,  0.194384  ],\n       [ 0.09821729,  1.0469454 ],\n       [ 0.09821729,  0.76275827],\n       [-0.82256978,  0.76275827],\n       [ 0.32841405,  1.21745768],\n       [ 0.55861082,  1.10378283],\n       [-0.13197948,  0.8195957 ],\n       [-1.28296331,  0.70592084],\n       [-0.13197948,  0.8195957 ],\n       [ 0.78880759,  0.93327055],\n       [-0.13197948,  0.76275827]])"}, "kwargs": {}}, "return": "array([[1.00000000e+000, 6.42668408e-012, 1.42338369e-013],\n       [9.99999995e-001, 4.50655359e-009, 1.37220944e-011],\n       [1.00000000e+000, 3.98238209e-011, 5.23285711e-013],\n       [1.00000000e+000, 4.42143282e-010, 5.21245283e-012],\n       [9.99999937e-001, 6.20436860e-008, 8.04393731e-010],\n       [1.00000000e+000, 3.82381282e-010, 2.84345646e-012],\n       [1.00000000e+000, 6.30394873e-011, 1.27457009e-012],\n       [1.00000000e+000, 1.21416696e-010, 1.26649312e-012],\n       [1.00000000e+000, 2.22155999e-011, 4.52668790e-013],\n       [1.00000000e+000, 6.70198689e-011, 8.30368197e-013],\n       [1.75086592e-066, 9.45836518e-001, 5.41634819e-002],\n       [1.08767459e-074, 7.96497882e-001, 2.03502118e-001],\n       [6.83194303e-050, 9.86551694e-001, 1.34483058e-002],\n       [1.85654056e-026, 9.98469401e-001, 1.53059942e-003],\n       [1.04583580e-057, 9.69485327e-001, 3.05146730e-002],\n       [5.17124090e-057, 9.50985380e-001, 4.90146196e-002],\n       [2.99726651e-057, 9.58181558e-001, 4.18184419e-002],\n       [1.82493993e-061, 9.40617060e-001, 5.93829395e-002],\n       [1.17158374e-017, 9.98633064e-001, 1.36693608e-003],\n       [2.13284749e-053, 9.74532917e-001, 2.54670827e-002],\n       [3.46882252e-129, 1.40056993e-002, 9.85994301e-001],\n       [6.81368862e-100, 2.19206169e-001, 7.80793831e-001],\n       [1.23265871e-100, 3.52316135e-001, 6.47683865e-001],\n       [2.74527947e-148, 1.55769139e-003, 9.98442309e-001],\n       [4.11656374e-135, 5.19260285e-003, 9.94807397e-001],\n       [1.22423158e-105, 1.60105147e-001, 8.39894853e-001],\n       [1.22727224e-095, 5.60940049e-001, 4.39059951e-001],\n       [1.22423158e-105, 1.60105147e-001, 8.39894853e-001],\n       [1.79273051e-116, 2.88923389e-002, 9.71107661e-001],\n       [4.39772739e-100, 2.49355713e-001, 7.50644287e-001]])"}, "name": "predict_proba"}
