{"types": {}, "values": {"inputs": {"self": {"n_neighbors": 5, "radius": 0.15, "algorithm": "auto", "leaf_size": 30, "metric": "precomputed", "metric_params": null, "p": 2, "n_jobs": null}, "args": {"X": "array([[0.        , 0.17790533, 0.12279482, ..., 0.44686107, 0.49914628,\n        0.41099257],\n       [0.17790533, 0.        , 0.29679591, ..., 0.58298848, 0.6574782 ,\n        0.56264574],\n       [0.12279482, 0.29679591, 0.        , ..., 0.34350002, 0.38029149,\n        0.29729844],\n       ...,\n       [0.44686107, 0.58298848, 0.34350002, ..., 0.        , 0.13753425,\n        0.07913365],\n       [0.49914628, 0.6574782 , 0.38029149, ..., 0.13753425, 0.        ,\n        0.10023682],\n       [0.41099257, 0.56264574, 0.29729844, ..., 0.07913365, 0.10023682,\n        0.        ]], shape=(60, 60))", "y": null}, "kwargs": {}}, "return": "NearestNeighbors(metric='precomputed', radius=0.15)"}, "name": "_fit"}
{"types": {}, "values": {"inputs": {"self": {"n_neighbors": 5, "radius": 0.15, "algorithm": "auto", "leaf_size": 30, "metric": "precomputed", "metric_params": null, "p": null, "n_jobs": null}, "args": {"X": "array([[0.        , 0.17790533, 0.12279482, ..., 0.44686107, 0.49914628,\n        0.41099257],\n       [0.17790533, 0.        , 0.29679591, ..., 0.58298848, 0.6574782 ,\n        0.56264574],\n       [0.12279482, 0.29679591, 0.        , ..., 0.34350002, 0.38029149,\n        0.29729844],\n       ...,\n       [0.44686107, 0.58298848, 0.34350002, ..., 0.        , 0.13753425,\n        0.07913365],\n       [0.49914628, 0.6574782 , 0.38029149, ..., 0.13753425, 0.        ,\n        0.10023682],\n       [0.41099257, 0.56264574, 0.29729844, ..., 0.07913365, 0.10023682,\n        0.        ]], shape=(60, 60))", "y": null}, "kwargs": {}}, "return": "NearestNeighbors(metric='precomputed', p=None, radius=0.15)"}, "name": "_fit"}
{"types": {}, "values": {"inputs": {"self": {"n_neighbors": 5, "radius": 0.8, "algorithm": "auto", "leaf_size": 30, "metric": "euclidean", "metric_params": null, "p": 2, "n_jobs": null}, "args": {"X": "array([[11.70562094, 11.16006288],\n       [11.39149519, 11.89635728],\n       [11.7470232 , 10.60908885],\n       [11.38003537, 10.93945712],\n       [10.95871246, 11.1642394 ],\n       [11.05761743, 11.5817094 ],\n       [11.30441509, 11.04867001],\n       [11.17754529, 11.13346973],\n       [11.59763163, 10.91793669],\n       [11.12522708, 10.6583617 ],\n       [ 9.97880407, 11.26144744],\n       [11.34577448, 10.70313399],\n       [11.90790185, 10.41825373],\n       [11.01830341, 10.92512646],\n       [11.61311169, 11.58774351],\n       [11.06197897, 11.15126501],\n       [10.6448857 , 10.20768141],\n       [10.86083514, 11.06253959],\n       [11.49211627, 11.48095194],\n       [10.84506927, 10.8790789 ],\n       [ 8.58057881,  8.43199283],\n       [ 8.31749192,  9.78031016],\n       [ 8.79613913,  8.82477028],\n       [ 8.49888186,  9.31099614],\n       [ 8.35444086,  8.91490389],\n       [ 8.64181338,  9.154761  ],\n       [ 8.79567794,  8.52774713],\n       [ 8.98872711,  9.17133275],\n       [ 9.02660689,  9.12098876],\n       [ 8.74627116,  8.85490353],\n       [ 8.73101582,  8.85617874],\n       [ 8.67474149,  8.30948696],\n       [ 9.07097046,  8.83928763],\n       [ 8.34792066,  9.1851129 ],\n       [ 8.63708065,  9.02077816],\n       [ 9.29163622,  9.05159316],\n       [ 9.45576027,  8.50606967],\n       [ 9.16093666,  8.72607596],\n       [ 8.65168114,  8.76846013],\n       [ 8.87537899,  9.02246614],\n       [10.53394006,  9.36033059],\n       [11.18626498,  8.38550253],\n       [11.59530088,  9.75835567],\n       [11.47151183,  8.92803007],\n       [10.57169895,  9.42178069],\n       [10.83872922,  9.48897803],\n       [11.08330999,  9.39065561],\n       [11.14254656,  9.28262927],\n       [11.00420001,  9.7143482 ],\n       [11.05076484,  9.16079575],\n       [11.75326028,  8.46089638],\n       [10.491806  ,  9.38775868],\n       [10.53075064,  9.77744847],\n       [10.83455241,  8.70101808],\n       [11.76917681,  9.59220592],\n       [11.74702358,  9.36241786],\n       [10.65550973,  9.76402598],\n       [10.89279865,  9.32098256],\n       [11.37890079,  8.93799596],\n       [11.24563175,  9.36888267]])", "y": null}, "kwargs": {}}, "return": "NearestNeighbors(metric='euclidean', radius=0.8)"}, "name": "_fit"}
{"types": {}, "values": {"inputs": {"self": {"n_neighbors": 5, "radius": 0.8, "algorithm": "auto", "leaf_size": 30, "metric": "euclidean", "metric_params": null, "p": null, "n_jobs": null}, "args": {"X": "array([[11.70562094, 11.16006288],\n       [11.39149519, 11.89635728],\n       [11.7470232 , 10.60908885],\n       [11.38003537, 10.93945712],\n       [10.95871246, 11.1642394 ],\n       [11.05761743, 11.5817094 ],\n       [11.30441509, 11.04867001],\n       [11.17754529, 11.13346973],\n       [11.59763163, 10.91793669],\n       [11.12522708, 10.6583617 ],\n       [ 9.97880407, 11.26144744],\n       [11.34577448, 10.70313399],\n       [11.90790185, 10.41825373],\n       [11.01830341, 10.92512646],\n       [11.61311169, 11.58774351],\n       [11.06197897, 11.15126501],\n       [10.6448857 , 10.20768141],\n       [10.86083514, 11.06253959],\n       [11.49211627, 11.48095194],\n       [10.84506927, 10.8790789 ],\n       [ 8.58057881,  8.43199283],\n       [ 8.31749192,  9.78031016],\n       [ 8.79613913,  8.82477028],\n       [ 8.49888186,  9.31099614],\n       [ 8.35444086,  8.91490389],\n       [ 8.64181338,  9.154761  ],\n       [ 8.79567794,  8.52774713],\n       [ 8.98872711,  9.17133275],\n       [ 9.02660689,  9.12098876],\n       [ 8.74627116,  8.85490353],\n       [ 8.73101582,  8.85617874],\n       [ 8.67474149,  8.30948696],\n       [ 9.07097046,  8.83928763],\n       [ 8.34792066,  9.1851129 ],\n       [ 8.63708065,  9.02077816],\n       [ 9.29163622,  9.05159316],\n       [ 9.45576027,  8.50606967],\n       [ 9.16093666,  8.72607596],\n       [ 8.65168114,  8.76846013],\n       [ 8.87537899,  9.02246614],\n       [10.53394006,  9.36033059],\n       [11.18626498,  8.38550253],\n       [11.59530088,  9.75835567],\n       [11.47151183,  8.92803007],\n       [10.57169895,  9.42178069],\n       [10.83872922,  9.48897803],\n       [11.08330999,  9.39065561],\n       [11.14254656,  9.28262927],\n       [11.00420001,  9.7143482 ],\n       [11.05076484,  9.16079575],\n       [11.75326028,  8.46089638],\n       [10.491806  ,  9.38775868],\n       [10.53075064,  9.77744847],\n       [10.83455241,  8.70101808],\n       [11.76917681,  9.59220592],\n       [11.74702358,  9.36241786],\n       [10.65550973,  9.76402598],\n       [10.89279865,  9.32098256],\n       [11.37890079,  8.93799596],\n       [11.24563175,  9.36888267]])", "y": null}, "kwargs": {}}, "return": "NearestNeighbors(metric='euclidean', p=None, radius=0.8)"}, "name": "_fit"}
{"types": {}, "values": {"inputs": {"self": {"n_neighbors": 5, "radius": 0.8, "algorithm": "auto", "leaf_size": 30, "metric": "minkowski", "metric_params": null, "p": 2, "n_jobs": null}, "args": {"X": "<Compressed Sparse Row sparse matrix of dtype 'float64'\n\twith 120 stored elements and shape (60, 2)>", "y": null}, "kwargs": {}}, "return": "NearestNeighbors(radius=0.8)"}, "name": "_fit"}
