{"types": {}, "values": {"inputs": {"self": {"n_components": 3, "doc_topic_prior": 0.3333333333333333, "topic_word_prior": 0.3333333333333333, "learning_method": "batch", "learning_decay": 0.7, "learning_offset": 10.0, "max_iter": 10, "batch_size": 128, "evaluate_every": -1, "total_samples": 1000000.0, "perp_tol": 0.1, "mean_change_tol": 0.001, "max_doc_update_iter": 100, "n_jobs": null, "verbose": 0, "random_state": 0}, "args": {"X": "<Compressed Sparse Row sparse matrix of dtype 'int64'\n\twith 27 stored elements and shape (9, 9)>", "y": null, "normalize": true}, "kwargs": {}}, "return": "array([[0.93328922, 0.03335539, 0.03335539],\n       [0.93328922, 0.03335539, 0.03335539],\n       [0.93328922, 0.03335539, 0.03335539],\n       [0.03335539, 0.03335539, 0.93328922],\n       [0.03335539, 0.03335539, 0.93328922],\n       [0.03335539, 0.03335539, 0.93328922],\n       [0.03335539, 0.93328922, 0.03335539],\n       [0.03335539, 0.93328922, 0.03335539],\n       [0.03335539, 0.93328922, 0.03335539]])"}, "name": "fit_transform"}
{"types": {}, "values": {"inputs": {"self": {"n_components": 3, "doc_topic_prior": null, "topic_word_prior": null, "learning_method": "batch", "learning_decay": 0.7, "learning_offset": 10.0, "max_iter": 10, "batch_size": 128, "evaluate_every": -1, "total_samples": 1000000.0, "perp_tol": 0.1, "mean_change_tol": 0.001, "max_doc_update_iter": 100, "n_jobs": null, "verbose": 0, "random_state": 0}, "args": {"X": "<Compressed Sparse Row sparse matrix of dtype 'int64'\n\twith 27 stored elements and shape (9, 9)>", "y": null, "normalize": true}, "kwargs": {}}, "return": "array([[0.93328922, 0.03335539, 0.03335539],\n       [0.93328922, 0.03335539, 0.03335539],\n       [0.93328922, 0.03335539, 0.03335539],\n       [0.03335539, 0.03335539, 0.93328922],\n       [0.03335539, 0.03335539, 0.93328922],\n       [0.03335539, 0.03335539, 0.93328922],\n       [0.03335539, 0.93328922, 0.03335539],\n       [0.03335539, 0.93328922, 0.03335539],\n       [0.03335539, 0.93328922, 0.03335539]])"}, "name": "fit_transform"}
{"types": {}, "values": {"inputs": {"self": {"n_components": 3, "doc_topic_prior": 0.3333333333333333, "topic_word_prior": 0.3333333333333333, "learning_method": "batch", "learning_decay": 0.7, "learning_offset": 10.0, "max_iter": 10, "batch_size": 128, "evaluate_every": -1, "total_samples": 1000000.0, "perp_tol": 0.1, "mean_change_tol": 0.001, "max_doc_update_iter": 100, "n_jobs": null, "verbose": 0, "random_state": 0}, "args": {"X": "<Compressed Sparse Row sparse array of dtype 'int64'\n\twith 27 stored elements and shape (9, 9)>", "y": null, "normalize": true}, "kwargs": {}}, "return": "array([[0.93328922, 0.03335539, 0.03335539],\n       [0.93328922, 0.03335539, 0.03335539],\n       [0.93328922, 0.03335539, 0.03335539],\n       [0.03335539, 0.03335539, 0.93328922],\n       [0.03335539, 0.03335539, 0.93328922],\n       [0.03335539, 0.03335539, 0.93328922],\n       [0.03335539, 0.93328922, 0.03335539],\n       [0.03335539, 0.93328922, 0.03335539],\n       [0.03335539, 0.93328922, 0.03335539]])"}, "name": "fit_transform"}
{"types": {}, "values": {"inputs": {"self": {"n_components": 3, "doc_topic_prior": null, "topic_word_prior": null, "learning_method": "batch", "learning_decay": 0.7, "learning_offset": 10.0, "max_iter": 10, "batch_size": 128, "evaluate_every": -1, "total_samples": 1000000.0, "perp_tol": 0.1, "mean_change_tol": 0.001, "max_doc_update_iter": 100, "n_jobs": null, "verbose": 0, "random_state": 0}, "args": {"X": "<Compressed Sparse Row sparse array of dtype 'int64'\n\twith 27 stored elements and shape (9, 9)>", "y": null, "normalize": true}, "kwargs": {}}, "return": "array([[0.93328922, 0.03335539, 0.03335539],\n       [0.93328922, 0.03335539, 0.03335539],\n       [0.93328922, 0.03335539, 0.03335539],\n       [0.03335539, 0.03335539, 0.93328922],\n       [0.03335539, 0.03335539, 0.93328922],\n       [0.03335539, 0.03335539, 0.93328922],\n       [0.03335539, 0.93328922, 0.03335539],\n       [0.03335539, 0.93328922, 0.03335539],\n       [0.03335539, 0.93328922, 0.03335539]])"}, "name": "fit_transform"}
{"types": {}, "values": {"inputs": {"self": {"n_components": 3, "doc_topic_prior": null, "topic_word_prior": null, "learning_method": "batch", "learning_decay": 0.7, "learning_offset": 10.0, "max_iter": 10, "batch_size": 128, "evaluate_every": -1, "total_samples": 1000000.0, "perp_tol": 0.1, "mean_change_tol": 0.001, "max_doc_update_iter": 100, "n_jobs": null, "verbose": 0, "random_state": "RandomState(MT19937) at 0x70E5F440EC40"}, "args": {"X": "array([[4, 0, 3, 3, 3, 1, 3, 2, 4, 0],\n       [0, 4, 2, 1, 0, 1, 1, 0, 1, 4],\n       [3, 0, 3, 0, 2, 3, 0, 1, 3, 3],\n       [3, 0, 1, 1, 1, 0, 2, 4, 3, 3],\n       [2, 4, 2, 0, 0, 4, 0, 4, 1, 4],\n       [1, 2, 2, 0, 1, 1, 1, 1, 3, 3],\n       [2, 3, 0, 3, 4, 1, 2, 4, 3, 4],\n       [4, 4, 3, 4, 4, 4, 0, 4, 3, 2],\n       [0, 1, 1, 3, 0, 0, 1, 2, 4, 2],\n       [0, 3, 2, 2, 0, 1, 0, 2, 2, 3],\n       [2, 3, 2, 1, 2, 3, 3, 3, 2, 3],\n       [4, 1, 2, 3, 1, 2, 1, 4, 2, 3],\n       [0, 3, 2, 3, 0, 0, 0, 3, 2, 3],\n       [0, 4, 0, 0, 2, 3, 2, 3, 0, 0],\n       [0, 3, 0, 2, 2, 0, 4, 3, 4, 0],\n       [4, 3, 3, 4, 1, 3, 0, 0, 0, 1],\n       [0, 4, 1, 3, 1, 0, 0, 4, 3, 3],\n       [1, 0, 0, 1, 2, 0, 3, 1, 1, 4],\n       [0, 0, 3, 2, 3, 2, 4, 3, 3, 0],\n       [3, 0, 4, 2, 3, 4, 0, 2, 3, 3]])", "y": null, "normalize": true}, "kwargs": {}}, "return": "array([[0.38603481, 0.01549632, 0.59846888],\n       [0.10750455, 0.86665748, 0.02583797],\n       [0.01933491, 0.02001528, 0.96064981],\n       [0.35709499, 0.0215187 , 0.6213863 ],\n       [0.01619254, 0.64727151, 0.33653596],\n       [0.17081128, 0.43066811, 0.39852061],\n       [0.348731  , 0.35254929, 0.29871972],\n       [0.01196858, 0.3809887 , 0.60704272],\n       [0.31494691, 0.65905601, 0.02599708],\n       [0.02292336, 0.95266845, 0.02440819],\n       [0.27109244, 0.33080381, 0.39810375],\n       [0.12799262, 0.20977651, 0.66223087],\n       [0.0220298 , 0.95560461, 0.02236559],\n       [0.39429799, 0.5772691 , 0.02843291],\n       [0.95543814, 0.02594852, 0.01861334],\n       [0.01781349, 0.36291309, 0.61927342],\n       [0.04280511, 0.93620034, 0.02099455],\n       [0.42842605, 0.03094986, 0.54062409],\n       [0.56763434, 0.01850393, 0.41386173],\n       [0.0150781 , 0.01563696, 0.96928494]])"}, "name": "fit_transform"}
