{"types": {}, "values": {"inputs": {"self": {}, "args": {"array": "array([[ 0.5387658 , -0.12932253,  1.2841213 ,  0.53729813],\n       [-0.12932253,  0.0310419 , -0.30823376, -0.12897023],\n       [ 1.2841213 , -0.30823376,  3.06063882,  1.2806232 ],\n       [ 0.53729813, -0.12897023,  1.2806232 ,  0.53583447]])", "value": 0.050963299993812224, "xp": "<module 'sklearn.externals.array_api_compat.numpy' from '/home/changshu/RE2-Bench/rebuttal/repos/scikit-learn/sklearn/externals/array_api_compat/numpy/__init__.py'>"}, "kwargs": {}}, "return": null}, "name": "_add_to_diagonal"}
{"types": {}, "values": {"inputs": {"self": {}, "args": {"array": "array([[19.62196326]])", "value": "array([0.24002222])", "xp": "<module 'sklearn.externals.array_api_compat.numpy' from '/home/changshu/RE2-Bench/rebuttal/repos/scikit-learn/sklearn/externals/array_api_compat/numpy/__init__.py'>"}, "kwargs": {}}, "return": null}, "name": "_add_to_diagonal"}
{"types": {}, "values": {"inputs": {"self": {}, "args": {"array": "array([[ -2.50676556,   0.6017109 ,  -5.97475017,  -2.49993681],\n       [  0.6017109 ,  -0.14443154,   1.43414779,   0.60007176],\n       [ -5.97475017,   1.43414779, -14.24051782,  -5.9584742 ],\n       [ -2.49993681,   0.60007176,  -5.9584742 ,  -2.49312667]])", "value": 19.621963258294034, "xp": "<module 'sklearn.externals.array_api_compat.numpy' from '/home/changshu/RE2-Bench/rebuttal/repos/scikit-learn/sklearn/externals/array_api_compat/numpy/__init__.py'>"}, "kwargs": {}}, "return": null}, "name": "_add_to_diagonal"}
{"types": {}, "values": {"inputs": {"self": {}, "args": {"array": "array([[ 0.63903925, -0.02817624,  1.2782877 ,  0.53460151],\n       [-0.02817624,  0.14629937, -0.33211045, -0.13897391],\n       [ 1.2782877 , -0.33211045,  3.08118332,  1.28875443],\n       [ 0.53460151, -0.13897391,  1.28875443,  0.53904228]])", "value": 0.030746082730584063, "xp": "<module 'sklearn.externals.array_api_compat.numpy' from '/home/changshu/RE2-Bench/rebuttal/repos/scikit-learn/sklearn/externals/array_api_compat/numpy/__init__.py'>"}, "kwargs": {}}, "return": null}, "name": "_add_to_diagonal"}
{"types": {}, "values": {"inputs": {"self": {}, "args": {"array": "array([[ 3.25244685e+01, -1.26281900e-14],\n       [-1.26281900e-14,  3.25244685e+01]])", "value": "array([0.23842259, 4.73191682])", "xp": "<module 'sklearn.externals.array_api_compat.numpy' from '/home/changshu/RE2-Bench/rebuttal/repos/scikit-learn/sklearn/externals/array_api_compat/numpy/__init__.py'>"}, "kwargs": {}}, "return": null}, "name": "_add_to_diagonal"}
