{"types": {}, "values": {"inputs": {"self": {"alphas": "array([ 0.1,  1. , 10. ])", "fit_intercept": true, "scoring": null, "copy_X": true, "gcv_mode": null, "store_cv_results": false, "is_clf": false, "alpha_per_target": false, "n_features_in_": 9}, "args": {"X": "array([[ 0.02262828,  0.04252807,  0.06563178, -0.01756821,  0.02342428,\n        -0.03904046,  0.        ,  0.04015591, -0.00610802],\n       [-0.0030599 , -0.05250167, -0.03331785, -0.01756821,  0.02342428,\n        -0.03904046,  0.        ,  0.04015591, -0.00679355],\n       [-0.44001025, -0.36138747, -0.03079672, -0.01756821, -0.08198498,\n         0.31232372,  0.        ,  0.04015591, -0.29344794],\n       [ 0.0092429 , -0.01346385, -0.03331785,  0.14054567,  0.02342428,\n        -0.03904046,  0.        ,  0.04015591, -0.00928322],\n       [-0.02926946, -0.22859293, -0.0310507 , -0.01756821,  0.02342428,\n        -0.03904046,  0.        ,  0.04015591, -0.00581742],\n       [ 0.18209721,  0.09488531,  0.06563178, -0.01756821,  0.02342428,\n        -0.03904046,  0.        ,  0.04015591,  0.33900759],\n       [ 0.19244528,  0.22457362, -0.03075405, -0.01756821,  0.02342428,\n        -0.03904046,  0.        ,  0.04015591, -0.00263773],\n       [-0.01890945, -0.10990367, -0.03765816, -0.01756821,  0.02342428,\n        -0.03904046,  0.        , -0.32124725, -0.00951354],\n       [ 0.08483539,  0.4038626 ,  0.06563178, -0.01756821, -0.08198498,\n        -0.03904046,  0.        ,  0.04015591, -0.00540617]])", "sqrt_sw": "array([1., 1., 1., 1., 1., 1., 1., 1., 1.])"}, "kwargs": {}}, "return": ["array([[ 1.06595072e-02, -4.53255991e-04, -3.77472055e-02,\n        -1.27723257e-03, -8.39231873e-03,  1.43866933e-02,\n         1.58970488e-02, -1.80338202e-02,  2.49605837e-02],\n       [-4.53255991e-04,  7.91601375e-03,  1.11469035e-02,\n         3.06795335e-03,  1.71591299e-02, -6.03461669e-03,\n        -7.34278174e-03, -3.37117072e-03, -2.20881754e-02],\n       [-3.77472055e-02,  1.11469035e-02,  5.17458840e-01,\n        -1.04214222e-02,  8.59602889e-02, -2.28109889e-01,\n        -1.76307389e-01,  2.52846004e-02, -1.87264727e-01],\n       [-1.27723257e-03,  3.06795335e-03, -1.04214222e-02,\n         2.49014018e-02,  5.11196934e-03, -3.71199091e-03,\n         1.02048764e-03, -1.06483019e-02, -8.04286457e-03],\n       [-8.39231873e-03,  1.71591299e-02,  8.59602889e-02,\n         5.11196934e-03,  5.81034099e-02, -2.70360662e-02,\n        -5.20044366e-02,  1.63828494e-02, -9.52848258e-02],\n       [ 1.43866933e-02, -6.03461669e-03, -2.28109889e-01,\n        -3.71199091e-03, -2.70360662e-02,  1.65390287e-01,\n         5.74338249e-02, -3.00868132e-02,  5.77685707e-02],\n       [ 1.58970488e-02, -7.34278174e-03, -1.76307389e-01,\n         1.02048764e-03, -5.20044366e-02,  5.74338249e-02,\n         9.24152576e-02, -3.76557407e-02,  1.06543730e-01],\n       [-1.80338202e-02, -3.37117072e-03,  2.52846004e-02,\n        -1.06483019e-02,  1.63828494e-02, -3.00868132e-02,\n        -3.76557407e-02,  1.19526324e-01, -6.13979267e-02],\n       [ 2.49605837e-02, -2.20881754e-02, -1.87264727e-01,\n        -8.04286457e-03, -9.52848258e-02,  5.77685707e-02,\n         1.06543730e-01, -6.13979267e-02,  1.84805636e-01]])", "array([0., 0., 0., 0., 0., 0., 0., 0., 0.])"]}, "name": "_compute_gram"}
{"types": {}, "values": {"inputs": {"self": {"alphas": "array([ 0.1,  1. , 10. ])", "fit_intercept": true, "scoring": null, "copy_X": true, "gcv_mode": null, "store_cv_results": false, "is_clf": false, "alpha_per_target": false, "n_features_in_": 9}, "args": {"X": "array([[ 1.71289014e-01,  1.78802702e-01, -5.85630487e-05,\n         0.00000000e+00,  1.63504707e-02,  1.17121395e-02,\n         0.00000000e+00, -6.93889390e-18,  3.42574488e-02],\n       [-4.25323643e-01, -3.54309124e-01,  4.68504389e-04,\n         0.00000000e+00, -1.25416290e-01, -9.36971159e-02,\n         0.00000000e+00, -6.93889390e-18, -2.55604728e-01],\n       [-1.43707143e-01, -1.79901462e-01, -5.85630487e-05,\n         0.00000000e+00,  1.45546455e-02,  1.17121395e-02,\n         0.00000000e+00, -6.93889390e-18,  2.81058281e-02],\n       [-1.43707143e-01, -1.79901462e-01, -5.85630487e-05,\n         0.00000000e+00,  1.45546455e-02,  1.17121395e-02,\n         0.00000000e+00, -6.93889390e-18,  2.81058281e-02],\n       [ 1.71289014e-01,  1.78802702e-01, -5.85630487e-05,\n         0.00000000e+00,  1.63504707e-02,  1.17121395e-02,\n         0.00000000e+00, -6.93889390e-18,  3.42574488e-02],\n       [ 1.71289014e-01,  1.78802702e-01, -5.85630487e-05,\n         0.00000000e+00,  1.63504707e-02,  1.17121395e-02,\n         0.00000000e+00, -6.93889390e-18,  3.42574488e-02],\n       [ 1.71289014e-01,  1.78802702e-01, -5.85630487e-05,\n         0.00000000e+00,  1.63504707e-02,  1.17121395e-02,\n         0.00000000e+00, -6.93889390e-18,  3.42574488e-02],\n       [ 1.71289014e-01,  1.78802702e-01, -5.85630487e-05,\n         0.00000000e+00,  1.63504707e-02,  1.17121395e-02,\n         0.00000000e+00, -6.93889390e-18,  3.42574488e-02],\n       [-1.43707143e-01, -1.79901462e-01, -5.85630487e-05,\n         0.00000000e+00,  1.45546455e-02,  1.17121395e-02,\n         0.00000000e+00, -6.93889390e-18,  2.81058281e-02]])", "sqrt_sw": "array([1., 1., 1., 1., 1., 1., 1., 1., 1.])"}, "kwargs": {}}, "return": ["array([[ 0.06288842, -0.1481091 , -0.05544434, -0.05544434,  0.06288842,\n         0.06288842,  0.06288842,  0.06288842, -0.05544434],\n       [-0.1481091 ,  0.39627755,  0.11475598,  0.11475598, -0.1481091 ,\n        -0.1481091 , -0.1481091 , -0.1481091 ,  0.11475598],\n       [-0.05544434,  0.11475598,  0.05415523,  0.05415523, -0.05544434,\n        -0.05544434, -0.05544434, -0.05544434,  0.05415523],\n       [-0.05544434,  0.11475598,  0.05415523,  0.05415523, -0.05544434,\n        -0.05544434, -0.05544434, -0.05544434,  0.05415523],\n       [ 0.06288842, -0.1481091 , -0.05544434, -0.05544434,  0.06288842,\n         0.06288842,  0.06288842,  0.06288842, -0.05544434],\n       [ 0.06288842, -0.1481091 , -0.05544434, -0.05544434,  0.06288842,\n         0.06288842,  0.06288842,  0.06288842, -0.05544434],\n       [ 0.06288842, -0.1481091 , -0.05544434, -0.05544434,  0.06288842,\n         0.06288842,  0.06288842,  0.06288842, -0.05544434],\n       [ 0.06288842, -0.1481091 , -0.05544434, -0.05544434,  0.06288842,\n         0.06288842,  0.06288842,  0.06288842, -0.05544434],\n       [-0.05544434,  0.11475598,  0.05415523,  0.05415523, -0.05544434,\n        -0.05544434, -0.05544434, -0.05544434,  0.05415523]])", "array([0., 0., 0., 0., 0., 0., 0., 0., 0.])"]}, "name": "_compute_gram"}
{"types": {}, "values": {"inputs": {"self": {"alphas": "array([ 0.1,  1. , 10. ])", "fit_intercept": true, "scoring": null, "copy_X": true, "gcv_mode": null, "store_cv_results": false, "is_clf": false, "alpha_per_target": false, "n_features_in_": 9}, "args": {"X": "array([[-4.28775972e-01, -4.72909975e-01, -2.19073146e-02,\n         5.27046277e-02,  2.28387635e-03,  0.00000000e+00,\n         6.08849877e-01, -6.93889390e-18, -4.80790009e-02],\n       [-1.12426879e-01, -1.13457835e-01, -2.19073146e-02,\n         5.27046277e-02,  9.52264855e-04,  0.00000000e+00,\n         1.44966590e-01, -6.93889390e-18, -3.98032881e-02],\n       [ 4.24849583e-01,  3.19216366e-01, -2.04636995e-02,\n        -4.21637021e-01, -4.60331965e-03,  0.00000000e+00,\n        -4.24289834e-01, -6.93889390e-18,  3.08475176e-01],\n       [-1.63918741e-01, -1.87882682e-01, -2.22039560e-02,\n         5.27046277e-02,  1.23310079e-03,  0.00000000e+00,\n         2.33419904e-01, -6.93889390e-18, -3.94362407e-02],\n       [-1.12426879e-01, -1.13457835e-01, -2.19073146e-02,\n         5.27046277e-02,  9.52264855e-04,  0.00000000e+00,\n         1.44966590e-01, -6.93889390e-18, -3.98032881e-02],\n       [ 3.08773661e-01,  3.97626975e-01,  7.54697953e-02,\n         5.27046277e-02, -1.35839816e-03,  0.00000000e+00,\n        -4.98860573e-01, -6.93889390e-18, -3.08738926e-02],\n       [-1.12426879e-01, -1.13457835e-01, -2.19073146e-02,\n         5.27046277e-02,  9.52264855e-04,  0.00000000e+00,\n         1.44966590e-01, -6.93889390e-18, -3.98032881e-02],\n       [ 3.08368936e-01,  3.85947252e-01, -2.06426768e-02,\n         5.27046277e-02, -9.08433372e-04,  0.00000000e+00,\n        -4.89348247e-01, -6.93889390e-18, -3.09501213e-02],\n       [-1.12016829e-01, -1.01624431e-01,  7.54697953e-02,\n         5.27046277e-02,  4.96379476e-04,  0.00000000e+00,\n         1.35329103e-01, -6.93889390e-18, -3.97260564e-02]])", "sqrt_sw": "array([1., 1., 1., 1., 1., 1., 1., 1., 1.])"}, "kwargs": {}}, "return": ["array([[ 0.78376537,  0.19529776, -0.62807032,  0.30641677,  0.19529776,\n        -0.62156197,  0.19529776, -0.60796314,  0.18152   ],\n       [ 0.19529776,  0.05137071, -0.17954659,  0.0784188 ,  0.05137071,\n        -0.14979445,  0.05137071, -0.14493579,  0.04644813],\n       [-0.62807032, -0.17954659,  0.73579279, -0.26259235, -0.17954659,\n         0.43648868, -0.17954659,  0.43049362, -0.17347265],\n       [ 0.30641677,  0.0784188 , -0.26259235,  0.12148164,  0.0784188 ,\n        -0.23944707,  0.0784188 , -0.23282831,  0.07171294],\n       [ 0.19529776,  0.05137071, -0.17954659,  0.0784188 ,  0.05137071,\n        -0.14979445,  0.05137071, -0.14493579,  0.04644813],\n       [-0.62156197, -0.14979445,  0.43648868, -0.23944707, -0.14979445,\n         0.51173877, -0.14979445,  0.49497245, -0.13280752],\n       [ 0.19529776,  0.05137071, -0.17954659,  0.0784188 ,  0.05137071,\n        -0.14979445,  0.05137071, -0.14493579,  0.04644813],\n       [-0.60796314, -0.14493579,  0.43049362, -0.23282831, -0.14493579,\n         0.49497245, -0.14493579,  0.48767102, -0.13753829],\n       [ 0.18152   ,  0.04644813, -0.17347265,  0.07171294,  0.04644813,\n        -0.13280752,  0.04644813, -0.13753829,  0.05124113]])", "array([0., 0., 0., 0., 0., 0., 0., 0., 0.])"]}, "name": "_compute_gram"}
{"types": {}, "values": {"inputs": {"self": {"alphas": "array([ 0.1,  1. , 10. ])", "fit_intercept": true, "scoring": null, "copy_X": true, "gcv_mode": null, "store_cv_results": false, "is_clf": false, "alpha_per_target": false, "n_features_in_": 9}, "args": {"X": "array([[-0.01106211,  0.06597455,  0.08052125, -0.0225877 ,  0.02058038,\n         0.        , -0.05412921,  0.03044219, -0.0465108 ],\n       [-0.01106211,  0.06597455,  0.08052125, -0.0225877 ,  0.02058038,\n         0.        , -0.05412921,  0.03044219, -0.0465108 ],\n       [ 0.13393017,  0.10262399,  0.08070023, -0.0225877 ,  0.02015105,\n         0.        , -0.08574486,  0.11293549,  0.29631981],\n       [-0.08304284, -0.18028334,  0.06843906, -0.0225877 ,  0.01841285,\n         0.        ,  0.17971808, -0.12827956, -0.05233667],\n       [-0.08526873, -0.24451905, -0.4601568 , -0.0225877 ,  0.02088755,\n         0.        ,  0.23203362, -0.15745753, -0.05275591],\n       [-0.07742455, -0.16176849,  0.06900879, -0.0225877 , -0.12131718,\n         0.        ,  0.14518492, -0.11054151, -0.05220132],\n       [ 0.13393017,  0.35199778,  0.08096621,  0.13552619,  0.02070498,\n         0.        , -0.36293334,  0.22245874, -0.04600431]])", "sqrt_sw": "array([1., 1., 1., 1., 1., 1., 1.])"}, "kwargs": {}}, "return": ["array([[ 0.01791239,  0.01791239,  0.00700926, -0.01577443, -0.06620054,\n        -0.01504195,  0.05418286],\n       [ 0.01791239,  0.01791239,  0.00700926, -0.01577443, -0.06620054,\n        -0.01504195,  0.05418286],\n       [ 0.00700926,  0.00700926,  0.1438098 , -0.06862466, -0.12602808,\n        -0.06373746,  0.10056187],\n       [-0.01577443, -0.01577443, -0.06862466,  0.0964247 ,  0.08522606,\n         0.08159764, -0.16307489],\n       [-0.06620054, -0.06620054, -0.12602808,  0.08522606,  0.36116676,\n         0.066226  , -0.25418966],\n       [-0.01504195, -0.01504195, -0.06373746,  0.08159764,  0.066226  ,\n         0.08817695, -0.14217924],\n       [ 0.05418286,  0.05418286,  0.10056187, -0.16307489, -0.25418966,\n        -0.14217924,  0.35051619]])", "array([0., 0., 0., 0., 0., 0., 0., 0., 0.])"]}, "name": "_compute_gram"}
{"types": {}, "values": {"inputs": {"self": {"alphas": "array([ 0.1,  1. , 10. ])", "fit_intercept": true, "scoring": null, "copy_X": true, "gcv_mode": null, "store_cv_results": false, "is_clf": false, "alpha_per_target": false, "n_features_in_": 9}, "args": {"X": "array([[-0.37526323, -0.36578067, -0.01565969,  0.        , -0.09416689,\n         0.36396215, -0.31901242, -0.5388931 , -0.19219745],\n       [ 0.06632277,  0.01925172, -0.01608027,  0.        ,  0.04643739,\n        -0.02020794,  0.03528606,  0.06522503,  0.09618353],\n       [ 0.06632277,  0.01925172, -0.01608027,  0.        ,  0.04643739,\n        -0.02020794,  0.03528606,  0.06522503,  0.09618353],\n       [ 0.0267125 , -0.09144388, -0.01686831,  0.        ,  0.0490216 ,\n         0.08132238, -0.06047293, -0.1223157 , -0.19219745],\n       [ 0.06632277,  0.01925172, -0.01608027,  0.        ,  0.04643739,\n        -0.02020794,  0.03528606,  0.06522503,  0.09618353],\n       [ 0.14958241,  0.3994694 ,  0.08076881,  0.        , -0.09416689,\n        -0.38466072,  0.27362717,  0.46553373,  0.09584432]])", "sqrt_sw": "array([1., 1., 1., 1., 1., 1.])"}, "kwargs": {}}, "return": ["array([[ 0.84531363, -0.10829862, -0.10829862,  0.17081696, -0.10829862,\n        -0.69123474],\n       [-0.10829862,  0.02234339,  0.02234339, -0.02768261,  0.02234339,\n         0.06895106],\n       [-0.10829862,  0.02234339,  0.02234339, -0.02768261,  0.02234339,\n         0.06895106],\n       [ 0.17081696, -0.02768261, -0.02768261,  0.07393449, -0.02768261,\n        -0.16170364],\n       [-0.10829862,  0.02234339,  0.02234339, -0.02768261,  0.02234339,\n         0.06895106],\n       [-0.69123474,  0.06895106,  0.06895106, -0.16170364,  0.06895106,\n         0.64608519]])", "array([0., 0., 0., 0., 0., 0., 0., 0., 0.])"]}, "name": "_compute_gram"}
