{"types": {}, "values": {"inputs": {"self": {"max_iter": 300, "tol": 0.001, "alpha_1": 1e-06, "alpha_2": 1e-06, "lambda_1": 1e-06, "lambda_2": 1e-06, "alpha_init": null, "lambda_init": null, "compute_score": false, "fit_intercept": true, "copy_X": true, "verbose": false, "n_features_in_": 3, "X_offset_": "array([2.33333333, 5.        , 3.        ])", "X_scale_": "array([1., 1., 1.])", "scores_": [], "n_iter_": 7, "alpha_": 0.21403306599995617, "lambda_": 2013.3702020558708, "coef_": "array([ 0.0003189 , -0.00042369, -0.00010592])", "sigma_": "array([[ 4.96644449e-04,  0.00000000e+00,  0.00000000e+00],\n       [ 0.00000000e+00,  4.94996133e-04, -4.20878463e-07],\n       [ 0.00000000e+00, -4.20878463e-07,  4.96574427e-04]])", "intercept_": 3.0016921411080557}, "args": {"X": "array([[1., 5., 1.]])", "return_std": false}, "kwargs": {}}, "return": "array([2.99978665])"}, "name": "predict"}
{"types": {}, "values": {"inputs": {"self": {"max_iter": 300, "tol": 0.001, "alpha_1": 1e-06, "alpha_2": 1e-06, "lambda_1": 1e-06, "lambda_2": 1e-06, "alpha_init": null, "lambda_init": null, "compute_score": false, "fit_intercept": true, "copy_X": true, "verbose": false, "n_features_in_": 3, "X_offset_": "array([3.33326222, 6.33333333, 2.66666667])", "X_scale_": "array([1., 1., 1.])", "scores_": [], "n_iter_": 4, "alpha_": 499995.7589330709, "lambda_": 5.845503814564986, "coef_": "array([0.39256547, 0.13793021, 0.41110792])", "sigma_": "array([[ 0.02903951,  0.04718972, -0.04356196],\n       [ 0.04718972,  0.07668459, -0.07078948],\n       [-0.04356196, -0.07078948,  0.065348  ]])", "intercept_": -1.2783694044200775}, "args": {"X": "array([[2., 1., 2.]])", "return_std": false}, "kwargs": {}}, "return": "array([0.46690758])"}, "name": "predict"}
{"types": {}, "values": {"inputs": {"self": {"max_iter": 300, "tol": 0.001, "alpha_1": 1e-06, "alpha_2": 1e-06, "lambda_1": 1e-06, "lambda_2": 1e-06, "alpha_init": null, "lambda_init": null, "compute_score": false, "fit_intercept": true, "copy_X": true, "verbose": false, "n_features_in_": 3, "X_offset_": "array([1.99992888, 1.15563586, 2.33333333])", "X_scale_": "array([1., 1., 1.])", "scores_": [], "n_iter_": 31, "alpha_": 0.1458299399469684, "lambda_": 0.6053597588823556, "coef_": "array([-0.1851531 ,  0.88209544,  0.65976628])", "sigma_": "array([[ 1.34394882,  0.10059879,  0.43615444],\n       [ 0.10059879,  1.38536148, -0.25554479],\n       [ 0.43615444, -0.25554479,  0.97949123]])", "intercept_": 2.811457240735038}, "args": {"X": "array([[6., 3., 3.]])", "return_std": false}, "kwargs": {}}, "return": "array([6.32612384])"}, "name": "predict"}
{"types": {}, "values": {"inputs": {"self": {"max_iter": 300, "tol": 0.001, "alpha_1": 1e-06, "alpha_2": 1e-06, "lambda_1": 1e-06, "lambda_2": 1e-06, "alpha_init": null, "lambda_init": null, "compute_score": false, "fit_intercept": true, "copy_X": true, "verbose": false, "n_features_in_": 3, "X_offset_": "array([1.82230253, 5.44204128, 3.        ])", "X_scale_": "array([1., 1., 1.])", "scores_": [], "n_iter_": 7, "alpha_": 0.21410694771620137, "lambda_": 1528.2608415642615, "coef_": "array([ 6.34823519e-04, -3.54083431e-06, -1.40191532e-04])", "sigma_": "array([[ 6.54041032e-04, -7.01598086e-07, -1.39651975e-07],\n       [-7.01598086e-07,  6.51313221e-04, -7.29628557e-07],\n       [-1.39651975e-07, -7.29628557e-07,  6.54156116e-04]])", "intercept_": 2.9992830034611493}, "args": {"X": "array([[1., 5., 1.]])", "return_std": false}, "kwargs": {}}, "return": "array([2.99975993])"}, "name": "predict"}
{"types": {}, "values": {"inputs": {"self": {"max_iter": 300, "tol": 0.001, "alpha_1": 1e-06, "alpha_2": 1e-06, "lambda_1": 1e-06, "lambda_2": 1e-06, "alpha_init": null, "lambda_init": null, "compute_score": false, "fit_intercept": true, "copy_X": true, "verbose": false, "n_features_in_": 3, "X_offset_": "array([3.33325331, 6.77537461, 2.66666667])", "X_scale_": "array([1., 1., 1.])", "scores_": [], "n_iter_": 4, "alpha_": 499999.9550342726, "lambda_": 7.301361864114261, "coef_": "array([0.37458651, 0.21626117, 0.29467873])", "sigma_": "array([[ 0.00553958,  0.0179066 , -0.02018285],\n       [ 0.0179066 ,  0.05788452, -0.06524285],\n       [-0.02018285, -0.06524285,  0.07353704]])", "intercept_": -1.4996520948720127}, "args": {"X": "array([[2., 1., 2.]])", "return_std": false}, "kwargs": {}}, "return": "array([0.05513955])"}, "name": "predict"}
