{"types": {}, "values": {"inputs": {"self": {"alphas": "array([ 0.1,  1. , 10. ])", "fit_intercept": true, "scoring": null, "copy_X": true, "gcv_mode": null, "store_cv_results": false, "is_clf": false, "alpha_per_target": false, "n_features_in_": 9}, "args": {"X": "array([[ 0.02262828,  0.04252807,  0.06563178, -0.01756821,  0.02342428,\n        -0.03904046,  0.        ,  0.04015591, -0.00610802],\n       [-0.0030599 , -0.05250167, -0.03331785, -0.01756821,  0.02342428,\n        -0.03904046,  0.        ,  0.04015591, -0.00679355],\n       [-0.44001025, -0.36138747, -0.03079672, -0.01756821, -0.08198498,\n         0.31232372,  0.        ,  0.04015591, -0.29344794],\n       [ 0.0092429 , -0.01346385, -0.03331785,  0.14054567,  0.02342428,\n        -0.03904046,  0.        ,  0.04015591, -0.00928322],\n       [-0.02926946, -0.22859293, -0.0310507 , -0.01756821,  0.02342428,\n        -0.03904046,  0.        ,  0.04015591, -0.00581742],\n       [ 0.18209721,  0.09488531,  0.06563178, -0.01756821,  0.02342428,\n        -0.03904046,  0.        ,  0.04015591,  0.33900759],\n       [ 0.19244528,  0.22457362, -0.03075405, -0.01756821,  0.02342428,\n        -0.03904046,  0.        ,  0.04015591, -0.00263773],\n       [-0.01890945, -0.10990367, -0.03765816, -0.01756821,  0.02342428,\n        -0.03904046,  0.        , -0.32124725, -0.00951354],\n       [ 0.08483539,  0.4038626 ,  0.06563178, -0.01756821, -0.08198498,\n        -0.03904046,  0.        ,  0.04015591, -0.00540617]])", "y": "array([-0.14054567,  0.49190986, -0.14054567,  0.49190986, -0.14054567,\n       -0.14054567, -0.14054567, -0.14054567, -0.14054567])", "sqrt_sw": "array([1., 1., 1., 1., 1., 1., 1., 1., 1.])"}, "kwargs": {}}, "return": ["array([0., 0., 0., 0., 0., 0., 0., 0., 0.])", "array([6.79388404e-04, 3.33039683e-03, 1.15674421e-02, 1.97059320e-02,\n       5.06979107e-02, 1.08298571e-01, 1.85948830e-01, 8.00948205e-01,\n       9.00000000e+00])", "array([[-0.08885843, -0.75171674, -0.50658329, -0.20625599,  0.05296761,\n        -0.07095142, -0.06814905, -0.06529078, -0.33333333],\n       [-0.78568584,  0.37360844, -0.07674677, -0.22913651,  0.23083564,\n        -0.11905869,  0.07250661,  0.02987482, -0.33333333],\n       [ 0.00607233, -0.05082031,  0.20662374,  0.03341498, -0.32020375,\n        -0.09994151, -0.34685616,  0.78078898, -0.33333333],\n       [ 0.02623832, -0.05300859,  0.02002667,  0.81857208,  0.44985525,\n        -0.10946432,  0.02340197, -0.00542078, -0.33333333],\n       [ 0.57838511,  0.32125957, -0.21684449, -0.33752421,  0.30177849,\n        -0.26727797,  0.31206424,  0.1741145 , -0.33333333],\n       [-0.01224817, -0.00358783,  0.17003134,  0.13173434, -0.62637585,\n        -0.45246994,  0.34662261, -0.3538904 , -0.33333333],\n       [ 0.10484809, -0.20480879,  0.71616771, -0.31198032,  0.28853084,\n         0.09223297, -0.21346224, -0.29731823, -0.33333333],\n       [ 0.00273547, -0.01125733,  0.012004  ,  0.0455077 , -0.16491167,\n         0.78443885,  0.48383183,  0.09953002, -0.33333333],\n       [ 0.16851311,  0.38033159, -0.3246789 ,  0.05566794, -0.21247654,\n         0.24249204, -0.60995981, -0.36238813, -0.33333333]])", "array([-4.80316782e-01,  2.02765149e-01, -3.58729428e-02,  3.72791783e-01,\n        4.30506719e-01, -1.44530645e-01,  6.06579112e-02,  1.54660929e-02,\n        1.55919617e-17])"]}, "name": "_eigen_decompose_gram"}
{"types": {}, "values": {"inputs": {"self": {"alphas": "array([ 0.1,  1. , 10. ])", "fit_intercept": true, "scoring": null, "copy_X": true, "gcv_mode": null, "store_cv_results": false, "is_clf": false, "alpha_per_target": false, "n_features_in_": 9}, "args": {"X": "array([[ 1.71289014e-01,  1.78802702e-01, -5.85630487e-05,\n         0.00000000e+00,  1.63504707e-02,  1.17121395e-02,\n         0.00000000e+00, -6.93889390e-18,  3.42574488e-02],\n       [-4.25323643e-01, -3.54309124e-01,  4.68504389e-04,\n         0.00000000e+00, -1.25416290e-01, -9.36971159e-02,\n         0.00000000e+00, -6.93889390e-18, -2.55604728e-01],\n       [-1.43707143e-01, -1.79901462e-01, -5.85630487e-05,\n         0.00000000e+00,  1.45546455e-02,  1.17121395e-02,\n         0.00000000e+00, -6.93889390e-18,  2.81058281e-02],\n       [-1.43707143e-01, -1.79901462e-01, -5.85630487e-05,\n         0.00000000e+00,  1.45546455e-02,  1.17121395e-02,\n         0.00000000e+00, -6.93889390e-18,  2.81058281e-02],\n       [ 1.71289014e-01,  1.78802702e-01, -5.85630487e-05,\n         0.00000000e+00,  1.63504707e-02,  1.17121395e-02,\n         0.00000000e+00, -6.93889390e-18,  3.42574488e-02],\n       [ 1.71289014e-01,  1.78802702e-01, -5.85630487e-05,\n         0.00000000e+00,  1.63504707e-02,  1.17121395e-02,\n         0.00000000e+00, -6.93889390e-18,  3.42574488e-02],\n       [ 1.71289014e-01,  1.78802702e-01, -5.85630487e-05,\n         0.00000000e+00,  1.63504707e-02,  1.17121395e-02,\n         0.00000000e+00, -6.93889390e-18,  3.42574488e-02],\n       [ 1.71289014e-01,  1.78802702e-01, -5.85630487e-05,\n         0.00000000e+00,  1.63504707e-02,  1.17121395e-02,\n         0.00000000e+00, -6.93889390e-18,  3.42574488e-02],\n       [-1.43707143e-01, -1.79901462e-01, -5.85630487e-05,\n         0.00000000e+00,  1.45546455e-02,  1.17121395e-02,\n         0.00000000e+00, -6.93889390e-18,  2.81058281e-02]])", "y": "array([-0.28109135,  0.35136418,  0.35136418,  0.35136418, -0.28109135,\n       -0.28109135, -0.28109135, -0.28109135,  0.35136418])", "sqrt_sw": "array([1., 1., 1., 1., 1., 1., 1., 1., 1.])"}, "kwargs": {}}, "return": ["array([0., 0., 0., 0., 0., 0., 0., 0., 0.])", "array([-9.03168080e-16, -7.64298677e-17, -2.98515989e-17,  6.42482032e-34,\n        2.30427667e-33,  2.84512374e-17,  5.47043394e-02,  8.18481010e-01,\n        9.00000000e+00])", "array([[ 8.87107949e-01,  8.76240599e-03, -5.03929529e-02,\n        -1.34580369e-17,  2.68433822e-18, -1.02094356e-01,\n        -1.13651502e-01, -2.75630595e-01, -3.33333333e-01],\n       [-3.71924713e-15,  3.70797143e-16, -9.08995101e-16,\n        -4.12391833e-17,  1.01374653e-18, -2.22738494e-15,\n        -6.58570152e-01,  6.74666024e-01, -3.33333333e-01],\n       [ 5.99149203e-02,  3.24655711e-01, -2.86222579e-01,\n         1.14031590e-16, -1.49935396e-16,  6.89747906e-01,\n         4.08942553e-01,  2.34495651e-01, -3.33333333e-01],\n       [-4.95784813e-02,  4.79253985e-01,  3.46571879e-01,\n        -3.14696172e-17,  1.50024045e-16, -5.60724702e-01,\n         4.08942553e-01,  2.34495651e-01, -3.33333333e-01],\n       [-2.50852597e-01,  3.71238498e-02, -2.44168228e-01,\n         2.20976505e-01,  7.86025477e-01, -9.70051750e-02,\n        -1.13651502e-01, -2.75630595e-01, -3.33333333e-01],\n       [-2.50852597e-01,  3.71238498e-02, -2.44168228e-01,\n         5.70229779e-01, -5.84384005e-01, -9.70051750e-02,\n        -1.13651502e-01, -2.75630595e-01, -3.33333333e-01],\n       [-2.50852597e-01,  3.71238498e-02, -2.44168228e-01,\n        -7.91206284e-01, -2.01641472e-01, -9.70051750e-02,\n        -1.13651502e-01, -2.75630595e-01, -3.33333333e-01],\n       [-1.34550157e-01, -1.20133955e-01,  7.82897637e-01,\n         1.86841362e-17, -9.75675855e-17,  3.93109881e-01,\n        -1.13651502e-01, -2.75630595e-01, -3.33333333e-01],\n       [-1.03364390e-02, -8.03909696e-01, -6.03493003e-02,\n        -8.78706657e-17,  2.74746667e-17, -1.29023204e-01,\n         4.08942553e-01,  2.34495651e-01, -3.33333333e-01]])", "array([ 1.12800394e-15, -5.55111512e-17,  3.15719673e-16, -1.55804243e-17,\n       -1.25093065e-17,  6.86950496e-16,  3.59397605e-01,  8.71620474e-01,\n        2.52676708e-16])"]}, "name": "_eigen_decompose_gram"}
{"types": {}, "values": {"inputs": {"self": {"alphas": "array([ 0.1,  1. , 10. ])", "fit_intercept": true, "scoring": null, "copy_X": true, "gcv_mode": null, "store_cv_results": false, "is_clf": false, "alpha_per_target": false, "n_features_in_": 9}, "args": {"X": "array([[-4.28775972e-01, -4.72909975e-01, -2.19073146e-02,\n         5.27046277e-02,  2.28387635e-03,  0.00000000e+00,\n         6.08849877e-01, -6.93889390e-18, -4.80790009e-02],\n       [-1.12426879e-01, -1.13457835e-01, -2.19073146e-02,\n         5.27046277e-02,  9.52264855e-04,  0.00000000e+00,\n         1.44966590e-01, -6.93889390e-18, -3.98032881e-02],\n       [ 4.24849583e-01,  3.19216366e-01, -2.04636995e-02,\n        -4.21637021e-01, -4.60331965e-03,  0.00000000e+00,\n        -4.24289834e-01, -6.93889390e-18,  3.08475176e-01],\n       [-1.63918741e-01, -1.87882682e-01, -2.22039560e-02,\n         5.27046277e-02,  1.23310079e-03,  0.00000000e+00,\n         2.33419904e-01, -6.93889390e-18, -3.94362407e-02],\n       [-1.12426879e-01, -1.13457835e-01, -2.19073146e-02,\n         5.27046277e-02,  9.52264855e-04,  0.00000000e+00,\n         1.44966590e-01, -6.93889390e-18, -3.98032881e-02],\n       [ 3.08773661e-01,  3.97626975e-01,  7.54697953e-02,\n         5.27046277e-02, -1.35839816e-03,  0.00000000e+00,\n        -4.98860573e-01, -6.93889390e-18, -3.08738926e-02],\n       [-1.12426879e-01, -1.13457835e-01, -2.19073146e-02,\n         5.27046277e-02,  9.52264855e-04,  0.00000000e+00,\n         1.44966590e-01, -6.93889390e-18, -3.98032881e-02],\n       [ 3.08368936e-01,  3.85947252e-01, -2.06426768e-02,\n         5.27046277e-02, -9.08433372e-04,  0.00000000e+00,\n        -4.89348247e-01, -6.93889390e-18, -3.09501213e-02],\n       [-1.12016829e-01, -1.01624431e-01,  7.54697953e-02,\n         5.27046277e-02,  4.96379476e-04,  0.00000000e+00,\n         1.35329103e-01, -6.93889390e-18, -3.97260564e-02]])", "y": "array([-0.21081851, -0.21081851,  0.42163702, -0.21081851, -0.21081851,\n        0.42163702, -0.21081851,  0.42163702, -0.21081851])", "sqrt_sw": "array([1., 1., 1., 1., 1., 1., 1., 1., 1.])"}, "kwargs": {}}, "return": ["array([0., 0., 0., 0., 0., 0., 0., 0., 0.])", "array([-4.31282143e-16, -3.66708638e-19,  6.02876907e-16,  1.63314260e-09,\n        1.46275057e-04,  1.19136059e-02,  2.51772589e-01,  2.58197038e+00,\n        9.00000000e+00])", "array([[-7.82171320e-08,  4.55319994e-10,  5.83457704e-08,\n        -4.34183324e-01, -6.07561418e-01,  2.78333239e-02,\n        -1.72772088e-01, -5.48286390e-01, -3.33333333e-01],\n       [ 4.55077900e-01,  7.11452213e-03,  7.01663729e-01,\n         3.63914463e-01,  2.57161658e-02, -1.84940567e-01,\n         5.12910275e-02, -1.39576314e-01, -3.33333333e-01],\n       [ 8.47394336e-12, -4.89714561e-14, -6.30748651e-12,\n         4.70825789e-05, -6.78023993e-03,  1.93514613e-02,\n        -8.17742786e-01,  4.68791182e-01, -3.33333333e-01],\n       [-9.34271515e-08,  5.43799383e-10,  6.96887721e-08,\n        -5.18621765e-01,  7.41424726e-01, -1.52627180e-01,\n         1.92099340e-03, -2.16589437e-01, -3.33333333e-01],\n       [ 1.63393973e-02,  7.07273461e-01, -4.46067069e-01,\n         3.63914388e-01,  2.57161658e-02, -1.84940567e-01,\n         5.12910275e-02, -1.39576314e-01, -3.33333333e-01],\n       [ 5.15778852e-01,  7.70886387e-03, -1.92462024e-01,\n        -2.50716470e-01, -1.15661030e-01,  4.16853986e-01,\n         3.91550512e-01,  4.27135501e-01, -3.33333333e-01],\n       [ 3.76633690e-02, -7.06779236e-01, -4.45559358e-01,\n         3.63914383e-01,  2.57161658e-02, -1.84940567e-01,\n         5.12910275e-02, -1.39576314e-01, -3.33333333e-01],\n       [-5.15778922e-01, -7.70886346e-03,  1.92462077e-01,\n        -1.39217085e-01, -2.20110068e-01, -4.56894652e-01,\n         3.66565812e-01,  4.18099101e-01, -3.33333333e-01],\n       [-5.09080425e-01, -7.60874876e-03,  1.89962517e-01,\n         2.50948326e-01,  1.31539533e-01,  7.00304763e-01,\n         7.66044738e-02, -1.30421014e-01, -3.33333333e-01]])", "array([-4.44217574e-08,  2.58583918e-10,  3.31359902e-08, -2.46585856e-01,\n       -2.16648489e-01, -1.30850024e-02, -3.77110859e-02,  8.31062877e-01,\n        3.25091872e-16])"]}, "name": "_eigen_decompose_gram"}
{"types": {}, "values": {"inputs": {"self": {"alphas": "array([ 0.1,  1. , 10. ])", "fit_intercept": true, "scoring": null, "copy_X": true, "gcv_mode": null, "store_cv_results": false, "is_clf": false, "alpha_per_target": false, "n_features_in_": 9}, "args": {"X": "array([[-0.01106211,  0.06597455,  0.08052125, -0.0225877 ,  0.02058038,\n         0.        , -0.05412921,  0.03044219, -0.0465108 ],\n       [-0.01106211,  0.06597455,  0.08052125, -0.0225877 ,  0.02058038,\n         0.        , -0.05412921,  0.03044219, -0.0465108 ],\n       [ 0.13393017,  0.10262399,  0.08070023, -0.0225877 ,  0.02015105,\n         0.        , -0.08574486,  0.11293549,  0.29631981],\n       [-0.08304284, -0.18028334,  0.06843906, -0.0225877 ,  0.01841285,\n         0.        ,  0.17971808, -0.12827956, -0.05233667],\n       [-0.08526873, -0.24451905, -0.4601568 , -0.0225877 ,  0.02088755,\n         0.        ,  0.23203362, -0.15745753, -0.05275591],\n       [-0.07742455, -0.16176849,  0.06900879, -0.0225877 , -0.12131718,\n         0.        ,  0.14518492, -0.11054151, -0.05220132],\n       [ 0.13393017,  0.35199778,  0.08096621,  0.13552619,  0.02070498,\n         0.        , -0.36293334,  0.22245874, -0.04600431]])", "y": "array([ 0.27105237,  0.27105237,  0.27105237, -0.36140316, -0.36140316,\n       -0.36140316,  0.27105237])", "sqrt_sw": "array([1., 1., 1., 1., 1., 1., 1.])"}, "kwargs": {}}, "return": ["array([0., 0., 0., 0., 0., 0., 0., 0., 0.])", "array([9.16672823e-16, 4.61346838e-03, 1.35734099e-02, 1.08358334e-01,\n       1.66385311e-01, 7.82988664e-01, 7.00000000e+00])", "array([[-7.07106781e-01, -4.23057125e-01,  3.47916186e-01,\n        -1.77813712e-01,  1.13550035e-01, -1.12287698e-01,\n        -3.77964473e-01],\n       [ 7.07106781e-01, -4.23057125e-01,  3.47916186e-01,\n        -1.77813712e-01,  1.13550035e-01, -1.12287698e-01,\n        -3.77964473e-01],\n       [-5.22704096e-15,  1.44214068e-02, -3.07072029e-02,\n         8.83363751e-01,  1.01733178e-03, -2.75062532e-01,\n        -3.77964473e-01],\n       [-7.35583917e-14,  6.91863996e-01,  3.53180529e-01,\n        -7.20012534e-02,  4.08010453e-01,  2.86485378e-01,\n        -3.77964473e-01],\n       [ 3.60650631e-15, -2.84033785e-02, -9.31261160e-03,\n         2.46924712e-02, -7.07747184e-01,  5.95595153e-01,\n        -3.77964473e-01],\n       [-1.53138992e-14, -1.88100510e-01, -7.52598325e-01,\n        -1.07485027e-01,  4.25853556e-01,  2.49905051e-01,\n        -3.77964473e-01],\n       [-6.02337584e-14,  3.56332736e-01, -2.56394761e-01,\n        -3.72942518e-01, -3.54234227e-01, -6.32347655e-01,\n        -3.77964473e-01]])", "array([ 5.39354264e-14, -3.00644130e-01,  2.58503807e-01,  9.79002009e-02,\n       -7.97632837e-02, -7.15930544e-01, -8.46480806e-17])"]}, "name": "_eigen_decompose_gram"}
{"types": {}, "values": {"inputs": {"self": {"alphas": "array([ 0.1,  1. , 10. ])", "fit_intercept": true, "scoring": null, "copy_X": true, "gcv_mode": null, "store_cv_results": false, "is_clf": false, "alpha_per_target": false, "n_features_in_": 9}, "args": {"X": "array([[-0.37526323, -0.36578067, -0.01565969,  0.        , -0.09416689,\n         0.36396215, -0.31901242, -0.5388931 , -0.19219745],\n       [ 0.06632277,  0.01925172, -0.01608027,  0.        ,  0.04643739,\n        -0.02020794,  0.03528606,  0.06522503,  0.09618353],\n       [ 0.06632277,  0.01925172, -0.01608027,  0.        ,  0.04643739,\n        -0.02020794,  0.03528606,  0.06522503,  0.09618353],\n       [ 0.0267125 , -0.09144388, -0.01686831,  0.        ,  0.0490216 ,\n         0.08132238, -0.06047293, -0.1223157 , -0.19219745],\n       [ 0.06632277,  0.01925172, -0.01608027,  0.        ,  0.04643739,\n        -0.02020794,  0.03528606,  0.06522503,  0.09618353],\n       [ 0.14958241,  0.3994694 ,  0.08076881,  0.        , -0.09416689,\n        -0.38466072,  0.27362717,  0.46553373,  0.09584432]])", "y": "array([-0.10540926, -0.10540926, -0.10540926,  0.52704628, -0.10540926,\n       -0.10540926])", "sqrt_sw": "array([1., 1., 1., 1., 1., 1.])"}, "kwargs": {}}, "return": ["array([0., 0., 0., 0., 0., 0., 0., 0., 0.])", "array([-1.57120472e-16,  5.27565631e-17,  4.11663871e-02,  7.30853208e-02,\n        1.51811177e+00,  6.00000000e+00])", "array([[-9.41698884e-16, -1.04077826e-15,  2.95767386e-01,\n        -4.48429363e-01, -7.38082714e-01, -4.08248290e-01],\n       [-8.01107708e-01, -1.57775493e-01,  1.89116909e-01,\n         3.50825749e-01,  8.84463384e-02, -4.08248290e-01],\n       [ 2.63916269e-01,  7.72667373e-01,  1.89116909e-01,\n         3.50825749e-01,  8.84463384e-02, -4.08248290e-01],\n       [ 2.64414703e-15,  2.16199050e-15, -8.96714729e-01,\n         4.95710395e-02, -1.63642113e-01, -4.08248290e-01],\n       [ 5.37191439e-01, -6.14891880e-01,  1.89116909e-01,\n         3.50825749e-01,  8.84463384e-02, -4.08248290e-01],\n       [-3.18172510e-16, -6.30313466e-16,  3.35966138e-02,\n        -6.53618925e-01,  6.36385812e-01, -4.08248290e-01]])", "array([ 1.65839564e-15,  1.37390099e-15, -5.67132191e-01,  3.13514782e-02,\n       -1.03496359e-01, -5.78817952e-17])"]}, "name": "_eigen_decompose_gram"}
