{"types": {}, "values": {"inputs": {"self": {"estimator": "SVC(random_state=42)", "calibrators": ["_SigmoidCalibration()", "_SigmoidCalibration()", "_SigmoidCalibration()"], "classes": "array([0, 1, 2])", "method": "sigmoid"}, "args": {"X": "array([[ 1.01900435, -1.34022653],\n       [-0.13197948, -1.34022653],\n       [ 0.32841405, -1.39706395],\n       [ 0.09821729, -1.2833891 ],\n       [ 1.24920112, -1.34022653],\n       [ 1.93979142, -1.16971425],\n       [ 0.78880759, -1.34022653],\n       [ 0.78880759, -1.2833891 ],\n       [-0.36217625, -1.34022653],\n       [ 0.09821729, -1.2833891 ],\n       [ 1.47939788, -1.2833891 ],\n       [ 0.78880759, -1.22655167],\n       [-0.13197948, -1.34022653],\n       [-0.13197948, -1.51073881],\n       [ 2.16998818, -1.45390138],\n       [ 3.09077525, -1.2833891 ],\n       [ 1.93979142, -1.39706395],\n       [ 1.01900435, -1.34022653],\n       [ 1.70959465, -1.16971425],\n       [ 1.70959465, -1.2833891 ],\n       [ 0.78880759, -1.16971425],\n       [ 1.47939788, -1.2833891 ],\n       [ 1.24920112, -1.56757623],\n       [ 0.55861082, -1.16971425],\n       [ 0.78880759, -1.05603939],\n       [-0.13197948, -1.22655167],\n       [ 0.78880759, -1.22655167],\n       [ 1.01900435, -1.2833891 ],\n       [ 0.78880759, -1.34022653],\n       [ 0.32841405, -1.22655167],\n       [ 0.09821729, -1.22655167],\n       [ 0.78880759, -1.2833891 ],\n       [ 2.40018495, -1.2833891 ],\n       [ 2.63038172, -1.34022653],\n       [ 0.09821729, -1.2833891 ],\n       [ 0.32841405, -1.45390138],\n       [ 1.01900435, -1.39706395],\n       [ 1.24920112, -1.34022653],\n       [-0.13197948, -1.39706395],\n       [ 0.78880759, -1.2833891 ],\n       [ 1.01900435, -1.39706395],\n       [-1.74335684, -1.39706395],\n       [ 0.32841405, -1.39706395],\n       [ 1.01900435, -1.22655167],\n       [ 1.70959465, -1.05603939],\n       [-0.13197948, -1.34022653],\n       [ 1.70959465, -1.22655167],\n       [ 0.32841405, -1.34022653],\n       [ 1.47939788, -1.2833891 ],\n       [ 0.55861082, -1.34022653],\n       [ 0.32841405,  0.53540856],\n       [ 0.32841405,  0.42173371],\n       [ 0.09821729,  0.64908342],\n       [-1.74335684,  0.13754657],\n       [-0.59237301,  0.47857113],\n       [-0.59237301,  0.42173371],\n       [ 0.55861082,  0.53540856],\n       [-1.51316008, -0.26031542],\n       [-0.36217625,  0.47857113],\n       [-0.82256978,  0.08070915],\n       [-2.43394714, -0.14664056],\n       [-0.13197948,  0.25122143],\n       [-1.97355361,  0.13754657],\n       [-0.36217625,  0.53540856],\n       [-0.36217625, -0.08980313],\n       [ 0.09821729,  0.36489628],\n       [-0.13197948,  0.42173371],\n       [-0.82256978,  0.194384  ],\n       [-1.97355361,  0.42173371],\n       [-1.28296331,  0.08070915],\n       [ 0.32841405,  0.59224599],\n       [-0.59237301,  0.13754657],\n       [-1.28296331,  0.64908342],\n       [-0.59237301,  0.53540856],\n       [-0.36217625,  0.30805885],\n       [-0.13197948,  0.36489628],\n       [-0.59237301,  0.59224599],\n       [-0.13197948,  0.70592084],\n       [-0.36217625,  0.42173371],\n       [-1.05276654, -0.14664056],\n       [-1.51316008,  0.02387172],\n       [-1.51316008, -0.03296571],\n       [-0.82256978,  0.08070915],\n       [-0.82256978,  0.76275827],\n       [-0.13197948,  0.42173371],\n       [ 0.78880759,  0.42173371],\n       [ 0.09821729,  0.53540856],\n       [-1.74335684,  0.36489628],\n       [-0.13197948,  0.194384  ],\n       [-1.28296331,  0.13754657],\n       [-1.05276654,  0.36489628],\n       [-0.13197948,  0.47857113],\n       [-1.05276654,  0.13754657],\n       [-1.74335684, -0.26031542],\n       [-0.82256978,  0.25122143],\n       [-0.13197948,  0.25122143],\n       [-0.36217625,  0.25122143],\n       [-0.36217625,  0.30805885],\n       [-1.28296331, -0.4308277 ],\n       [-0.59237301,  0.194384  ],\n       [ 0.55861082,  1.27429511],\n       [-0.82256978,  0.76275827],\n       [-0.13197948,  1.21745768],\n       [-0.36217625,  1.0469454 ],\n       [-0.13197948,  1.16062026],\n       [-0.13197948,  1.61531967],\n       [-1.28296331,  0.42173371],\n       [-0.36217625,  1.44480739],\n       [-1.28296331,  1.16062026],\n       [ 1.24920112,  1.33113254],\n       [ 0.32841405,  0.76275827],\n       [-0.82256978,  0.87643312],\n       [-0.13197948,  0.99010798],\n       [-1.28296331,  0.70592084],\n       [-0.59237301,  0.76275827],\n       [ 0.32841405,  0.87643312],\n       [-0.13197948,  0.99010798],\n       [ 1.70959465,  1.6721571 ],\n       [-1.05276654,  1.78583195],\n       [-1.97355361,  0.70592084],\n       [ 0.32841405,  1.10378283],\n       [-0.59237301,  0.64908342],\n       [-0.59237301,  1.6721571 ],\n       [-0.82256978,  0.64908342],\n       [ 0.55861082,  1.10378283],\n       [ 0.32841405,  1.27429511],\n       [-0.59237301,  0.59224599],\n       [-0.13197948,  0.64908342],\n       [-0.59237301,  1.0469454 ],\n       [-0.13197948,  1.16062026],\n       [-0.59237301,  1.33113254],\n       [ 1.70959465,  1.50164482],\n       [-0.59237301,  1.0469454 ],\n       [-0.59237301,  0.76275827],\n       [-1.05276654,  1.0469454 ],\n       [-0.13197948,  1.33113254],\n       [ 0.78880759,  1.0469454 ],\n       [ 0.09821729,  0.99010798],\n       [-0.13197948,  0.59224599],\n       [ 0.09821729,  0.93327055],\n       [ 0.09821729,  1.0469454 ],\n       [ 0.09821729,  0.76275827],\n       [-0.82256978,  0.76275827],\n       [ 0.32841405,  1.21745768],\n       [ 0.55861082,  1.10378283],\n       [-0.13197948,  0.8195957 ],\n       [-1.28296331,  0.70592084],\n       [-0.13197948,  0.8195957 ],\n       [ 0.78880759,  0.93327055],\n       [-0.13197948,  0.76275827]])"}, "kwargs": {}}, "return": "array([[0.9675867 , 0.0306497 , 0.00176361],\n       [0.94713292, 0.05123283, 0.00163425],\n       [0.96225535, 0.03605546, 0.00168919],\n       [0.9449245 , 0.05345788, 0.00161762],\n       [0.96945366, 0.0287373 , 0.00180904],\n       [0.97203292, 0.02605068, 0.0019164 ],\n       [0.96514139, 0.03313511, 0.0017235 ],\n       [0.96225666, 0.03604029, 0.00170305],\n       [0.94320237, 0.05516587, 0.00163176],\n       [0.9449245 , 0.05345788, 0.00161762],\n       [0.97022135, 0.02793602, 0.00184263],\n       [0.95814307, 0.04017506, 0.00168187],\n       [0.94713292, 0.05123283, 0.00163425],\n       [0.9640999 , 0.03418417, 0.00171593],\n       [0.97367932, 0.02433449, 0.00198619],\n       [0.9739887 , 0.02396023, 0.00205106],\n       [0.9730716 , 0.02497848, 0.00194992],\n       [0.9675867 , 0.0306497 , 0.00176361],\n       [0.97052294, 0.02760635, 0.00187071],\n       [0.97162664, 0.02648344, 0.00188992],\n       [0.95216308, 0.04617807, 0.00165885],\n       [0.97022135, 0.02793602, 0.00184263],\n       [0.97195289, 0.02616324, 0.00188387],\n       [0.94401601, 0.05436677, 0.00161722],\n       [0.93989396, 0.05848945, 0.00161659],\n       [0.9338771 , 0.06453885, 0.00158405],\n       [0.95814307, 0.04017506, 0.00168187],\n       [0.96578524, 0.03246929, 0.00174547],\n       [0.96514139, 0.03313511, 0.0017235 ],\n       [0.94379919, 0.05458946, 0.00161135],\n       [0.93821498, 0.0601924 , 0.00159261],\n       [0.96225666, 0.03604029, 0.00170305],\n       [0.973965  , 0.02405143, 0.00198357],\n       [0.97426086, 0.02373398, 0.00200516],\n       [0.9449245 , 0.05345788, 0.00161762],\n       [0.96539802, 0.03288906, 0.00171292],\n       [0.968958  , 0.02925962, 0.00178237],\n       [0.96945366, 0.0287373 , 0.00180904],\n       [0.95443301, 0.04390422, 0.00166278],\n       [0.96225666, 0.03604029, 0.00170305],\n       [0.968958  , 0.02925962, 0.00178237],\n       [0.94043316, 0.05782158, 0.00174527],\n       [0.96225535, 0.03605546, 0.00168919],\n       [0.96337905, 0.0348933 , 0.00172766],\n       [0.96889362, 0.02924989, 0.00185649],\n       [0.94713292, 0.05123283, 0.00163425],\n       [0.97113067, 0.02698965, 0.00187968],\n       [0.95759251, 0.04074319, 0.0016643 ],\n       [0.97022135, 0.02793602, 0.00184263],\n       [0.96190243, 0.03640723, 0.00169034],\n       [0.01170756, 0.85837708, 0.12991535],\n       [0.01238704, 0.89870132, 0.08891164],\n       [0.01106128, 0.82069045, 0.16824827],\n       [0.01227365, 0.90011334, 0.08761302],\n       [0.01099432, 0.83552   , 0.15348568],\n       [0.01121473, 0.85262936, 0.13615591],\n       [0.01198928, 0.85916804, 0.12884268],\n       [0.01407255, 0.92223677, 0.06369069],\n       [0.01119569, 0.84812304, 0.14068127],\n       [0.01249602, 0.9173077 , 0.07019628],\n       [0.01424497, 0.91366676, 0.07208828],\n       [0.01250379, 0.91667099, 0.07082522],\n       [0.01249745, 0.90159215, 0.0859104 ],\n       [0.01099119, 0.83153044, 0.15747838],\n       [0.01397791, 0.92789117, 0.05813092],\n       [0.01234536, 0.90691036, 0.08074427],\n       [0.01183078, 0.8873913 , 0.10077792],\n       [0.01208849, 0.90637158, 0.08153993],\n       [0.01163198, 0.85059374, 0.13777429],\n       [0.01231939, 0.90913685, 0.07854376],\n       [0.01143489, 0.83940566, 0.14915945],\n       [0.0124601 , 0.91771036, 0.06982954],\n       [0.01163459, 0.08435442, 0.90401099],\n       [0.01085109, 0.82225238, 0.16689653],\n       [0.01206685, 0.90488126, 0.08305189],\n       [0.01208915, 0.90210743, 0.08580342],\n       [0.01077134, 0.81152149, 0.17770717],\n       [0.01167589, 0.08892153, 0.89940258],\n       [0.01150223, 0.87038635, 0.11811142],\n       [0.01344393, 0.92364316, 0.06291291],\n       [0.01254884, 0.91149644, 0.07595472],\n       [0.01277154, 0.9150339 , 0.07219456],\n       [0.01249602, 0.9173077 , 0.07019628],\n       [0.01169055, 0.07006101, 0.91824844],\n       [0.01183078, 0.8873913 , 0.10077792],\n       [0.01311249, 0.89274471, 0.09414281],\n       [0.01144047, 0.85215215, 0.13640738],\n       [0.01143949, 0.85129049, 0.13727001],\n       [0.01272122, 0.92062332, 0.06665546],\n       [0.0121156 , 0.90257126, 0.08531313],\n       [0.01114265, 0.84715015, 0.1417072 ],\n       [0.01147168, 0.86285827, 0.12567005],\n       [0.01216951, 0.90732453, 0.08050596],\n       [0.01411647, 0.92077977, 0.06510376],\n       [0.01187284, 0.8964684 , 0.09165876],\n       [0.01250379, 0.91667099, 0.07082522],\n       [0.01226739, 0.91257569, 0.07515691],\n       [0.01206685, 0.90488126, 0.08305189],\n       [0.28293999, 0.71561591, 0.0014441 ],\n       [0.01225895, 0.91293359, 0.07480746],\n       [0.0128358 , 0.02581913, 0.96134507],\n       [0.01169055, 0.07006101, 0.91824844],\n       [0.01262836, 0.0243216 , 0.96305004],\n       [0.01232825, 0.03009259, 0.95757917],\n       [0.01252695, 0.02601459, 0.96145847],\n       [0.01363065, 0.02005493, 0.96631443],\n       [0.01097694, 0.83092178, 0.15810128],\n       [0.0131454 , 0.02070324, 0.96615136],\n       [0.01272707, 0.02695937, 0.96031356],\n       [0.01342061, 0.02718617, 0.95939322],\n       [0.01191977, 0.08539697, 0.90268326],\n       [0.01199299, 0.0473476 , 0.94065942],\n       [0.01221606, 0.0383684 , 0.94941554],\n       [0.01169375, 0.07805369, 0.91025256],\n       [0.01166464, 0.07344366, 0.9148917 ],\n       [0.0120005 , 0.06956382, 0.91843568],\n       [0.01221606, 0.0383684 , 0.94941554],\n       [0.01462041, 0.02628857, 0.95909102],\n       [0.0145152 , 0.02070539, 0.9647794 ],\n       [0.01144813, 0.81327531, 0.17527656],\n       [0.01249905, 0.0321182 , 0.95538274],\n       [0.01155682, 0.08875311, 0.89969006],\n       [0.01389839, 0.0198417 , 0.96625991],\n       [0.01154923, 0.08575537, 0.90269541],\n       [0.01258626, 0.03370679, 0.95370695],\n       [0.01277629, 0.02482037, 0.96240334],\n       [0.01077134, 0.81152149, 0.17770717],\n       [0.0109088 , 0.81465835, 0.17443285],\n       [0.01233911, 0.02883412, 0.95882676],\n       [0.01252695, 0.02601459, 0.96145847],\n       [0.01288936, 0.02162461, 0.96548604],\n       [0.01439585, 0.02719794, 0.95840621],\n       [0.01233911, 0.02883412, 0.95882676],\n       [0.01166464, 0.07344366, 0.9148917 ],\n       [0.01241487, 0.02929852, 0.9582866 ],\n       [0.01285632, 0.02218785, 0.96495582],\n       [0.01265629, 0.0401083 , 0.94723541],\n       [0.0122231 , 0.04281281, 0.94496409],\n       [0.01101316, 0.82680251, 0.16218432],\n       [0.01204926, 0.05575307, 0.93219767],\n       [0.01235103, 0.03482623, 0.95282274],\n       [0.01178269, 0.08442093, 0.90379638],\n       [0.01169055, 0.07006101, 0.91824844],\n       [0.01267978, 0.02644105, 0.96087917],\n       [0.01258626, 0.03370679, 0.95370695],\n       [0.01176916, 0.07311841, 0.91511243],\n       [0.01169375, 0.07805369, 0.91025256],\n       [0.01176916, 0.07311841, 0.91511243],\n       [0.01245478, 0.05895717, 0.92858804],\n       [0.01169954, 0.08172102, 0.90657945]])"}, "name": "predict_proba"}
{"types": {}, "values": {"inputs": {"self": {"estimator": "SVC(random_state=42)", "calibrators": ["_SigmoidCalibration()", "_SigmoidCalibration()", "_SigmoidCalibration()"], "classes": "array([0, 1, 2])", "method": "sigmoid"}, "args": {"X": "array([[ 1.01900435, -1.34022653],\n       [-0.13197948, -1.34022653],\n       [ 0.32841405, -1.39706395],\n       [ 0.09821729, -1.2833891 ],\n       [ 1.24920112, -1.34022653],\n       [ 1.93979142, -1.16971425],\n       [ 0.78880759, -1.34022653],\n       [ 0.78880759, -1.2833891 ],\n       [-0.36217625, -1.34022653],\n       [ 0.09821729, -1.2833891 ],\n       [ 1.47939788, -1.2833891 ],\n       [ 0.78880759, -1.22655167],\n       [-0.13197948, -1.34022653],\n       [-0.13197948, -1.51073881],\n       [ 2.16998818, -1.45390138],\n       [ 3.09077525, -1.2833891 ],\n       [ 1.93979142, -1.39706395],\n       [ 1.01900435, -1.34022653],\n       [ 1.70959465, -1.16971425],\n       [ 1.70959465, -1.2833891 ],\n       [ 0.78880759, -1.16971425],\n       [ 1.47939788, -1.2833891 ],\n       [ 1.24920112, -1.56757623],\n       [ 0.55861082, -1.16971425],\n       [ 0.78880759, -1.05603939],\n       [-0.13197948, -1.22655167],\n       [ 0.78880759, -1.22655167],\n       [ 1.01900435, -1.2833891 ],\n       [ 0.78880759, -1.34022653],\n       [ 0.32841405, -1.22655167],\n       [ 0.09821729, -1.22655167],\n       [ 0.78880759, -1.2833891 ],\n       [ 2.40018495, -1.2833891 ],\n       [ 2.63038172, -1.34022653],\n       [ 0.09821729, -1.2833891 ],\n       [ 0.32841405, -1.45390138],\n       [ 1.01900435, -1.39706395],\n       [ 1.24920112, -1.34022653],\n       [-0.13197948, -1.39706395],\n       [ 0.78880759, -1.2833891 ],\n       [ 1.01900435, -1.39706395],\n       [-1.74335684, -1.39706395],\n       [ 0.32841405, -1.39706395],\n       [ 1.01900435, -1.22655167],\n       [ 1.70959465, -1.05603939],\n       [-0.13197948, -1.34022653],\n       [ 1.70959465, -1.22655167],\n       [ 0.32841405, -1.34022653],\n       [ 1.47939788, -1.2833891 ],\n       [ 0.55861082, -1.34022653],\n       [ 0.32841405,  0.53540856],\n       [ 0.32841405,  0.42173371],\n       [ 0.09821729,  0.64908342],\n       [-1.74335684,  0.13754657],\n       [-0.59237301,  0.47857113],\n       [-0.59237301,  0.42173371],\n       [ 0.55861082,  0.53540856],\n       [-1.51316008, -0.26031542],\n       [-0.36217625,  0.47857113],\n       [-0.82256978,  0.08070915],\n       [-2.43394714, -0.14664056],\n       [-0.13197948,  0.25122143],\n       [-1.97355361,  0.13754657],\n       [-0.36217625,  0.53540856],\n       [-0.36217625, -0.08980313],\n       [ 0.09821729,  0.36489628],\n       [-0.13197948,  0.42173371],\n       [-0.82256978,  0.194384  ],\n       [-1.97355361,  0.42173371],\n       [-1.28296331,  0.08070915],\n       [ 0.32841405,  0.59224599],\n       [-0.59237301,  0.13754657],\n       [-1.28296331,  0.64908342],\n       [-0.59237301,  0.53540856],\n       [-0.36217625,  0.30805885],\n       [-0.13197948,  0.36489628],\n       [-0.59237301,  0.59224599],\n       [-0.13197948,  0.70592084],\n       [-0.36217625,  0.42173371],\n       [-1.05276654, -0.14664056],\n       [-1.51316008,  0.02387172],\n       [-1.51316008, -0.03296571],\n       [-0.82256978,  0.08070915],\n       [-0.82256978,  0.76275827],\n       [-0.13197948,  0.42173371],\n       [ 0.78880759,  0.42173371],\n       [ 0.09821729,  0.53540856],\n       [-1.74335684,  0.36489628],\n       [-0.13197948,  0.194384  ],\n       [-1.28296331,  0.13754657],\n       [-1.05276654,  0.36489628],\n       [-0.13197948,  0.47857113],\n       [-1.05276654,  0.13754657],\n       [-1.74335684, -0.26031542],\n       [-0.82256978,  0.25122143],\n       [-0.13197948,  0.25122143],\n       [-0.36217625,  0.25122143],\n       [-0.36217625,  0.30805885],\n       [-1.28296331, -0.4308277 ],\n       [-0.59237301,  0.194384  ],\n       [ 0.55861082,  1.27429511],\n       [-0.82256978,  0.76275827],\n       [-0.13197948,  1.21745768],\n       [-0.36217625,  1.0469454 ],\n       [-0.13197948,  1.16062026],\n       [-0.13197948,  1.61531967],\n       [-1.28296331,  0.42173371],\n       [-0.36217625,  1.44480739],\n       [-1.28296331,  1.16062026],\n       [ 1.24920112,  1.33113254],\n       [ 0.32841405,  0.76275827],\n       [-0.82256978,  0.87643312],\n       [-0.13197948,  0.99010798],\n       [-1.28296331,  0.70592084],\n       [-0.59237301,  0.76275827],\n       [ 0.32841405,  0.87643312],\n       [-0.13197948,  0.99010798],\n       [ 1.70959465,  1.6721571 ],\n       [-1.05276654,  1.78583195],\n       [-1.97355361,  0.70592084],\n       [ 0.32841405,  1.10378283],\n       [-0.59237301,  0.64908342],\n       [-0.59237301,  1.6721571 ],\n       [-0.82256978,  0.64908342],\n       [ 0.55861082,  1.10378283],\n       [ 0.32841405,  1.27429511],\n       [-0.59237301,  0.59224599],\n       [-0.13197948,  0.64908342],\n       [-0.59237301,  1.0469454 ],\n       [-0.13197948,  1.16062026],\n       [-0.59237301,  1.33113254],\n       [ 1.70959465,  1.50164482],\n       [-0.59237301,  1.0469454 ],\n       [-0.59237301,  0.76275827],\n       [-1.05276654,  1.0469454 ],\n       [-0.13197948,  1.33113254],\n       [ 0.78880759,  1.0469454 ],\n       [ 0.09821729,  0.99010798],\n       [-0.13197948,  0.59224599],\n       [ 0.09821729,  0.93327055],\n       [ 0.09821729,  1.0469454 ],\n       [ 0.09821729,  0.76275827],\n       [-0.82256978,  0.76275827],\n       [ 0.32841405,  1.21745768],\n       [ 0.55861082,  1.10378283],\n       [-0.13197948,  0.8195957 ],\n       [-1.28296331,  0.70592084],\n       [-0.13197948,  0.8195957 ],\n       [ 0.78880759,  0.93327055],\n       [-0.13197948,  0.76275827]])"}, "kwargs": {}}, "return": "array([[0.9675867 , 0.0306497 , 0.00176361],\n       [0.94713292, 0.05123283, 0.00163425],\n       [0.96225535, 0.03605546, 0.00168919],\n       [0.9449245 , 0.05345788, 0.00161762],\n       [0.96945366, 0.0287373 , 0.00180904],\n       [0.97203292, 0.02605068, 0.0019164 ],\n       [0.96514139, 0.03313511, 0.0017235 ],\n       [0.96225666, 0.03604029, 0.00170305],\n       [0.94320237, 0.05516587, 0.00163176],\n       [0.9449245 , 0.05345788, 0.00161762],\n       [0.97022135, 0.02793602, 0.00184263],\n       [0.95814307, 0.04017506, 0.00168187],\n       [0.94713292, 0.05123283, 0.00163425],\n       [0.9640999 , 0.03418417, 0.00171593],\n       [0.97367932, 0.02433449, 0.00198619],\n       [0.9739887 , 0.02396023, 0.00205106],\n       [0.9730716 , 0.02497848, 0.00194992],\n       [0.9675867 , 0.0306497 , 0.00176361],\n       [0.97052294, 0.02760635, 0.00187071],\n       [0.97162664, 0.02648344, 0.00188992],\n       [0.95216308, 0.04617807, 0.00165885],\n       [0.97022135, 0.02793602, 0.00184263],\n       [0.97195289, 0.02616324, 0.00188387],\n       [0.94401601, 0.05436677, 0.00161722],\n       [0.93989396, 0.05848945, 0.00161659],\n       [0.9338771 , 0.06453885, 0.00158405],\n       [0.95814307, 0.04017506, 0.00168187],\n       [0.96578524, 0.03246929, 0.00174547],\n       [0.96514139, 0.03313511, 0.0017235 ],\n       [0.94379919, 0.05458946, 0.00161135],\n       [0.93821498, 0.0601924 , 0.00159261],\n       [0.96225666, 0.03604029, 0.00170305],\n       [0.973965  , 0.02405143, 0.00198357],\n       [0.97426086, 0.02373398, 0.00200516],\n       [0.9449245 , 0.05345788, 0.00161762],\n       [0.96539802, 0.03288906, 0.00171292],\n       [0.968958  , 0.02925962, 0.00178237],\n       [0.96945366, 0.0287373 , 0.00180904],\n       [0.95443301, 0.04390422, 0.00166278],\n       [0.96225666, 0.03604029, 0.00170305],\n       [0.968958  , 0.02925962, 0.00178237],\n       [0.94043316, 0.05782158, 0.00174527],\n       [0.96225535, 0.03605546, 0.00168919],\n       [0.96337905, 0.0348933 , 0.00172766],\n       [0.96889362, 0.02924989, 0.00185649],\n       [0.94713292, 0.05123283, 0.00163425],\n       [0.97113067, 0.02698965, 0.00187968],\n       [0.95759251, 0.04074319, 0.0016643 ],\n       [0.97022135, 0.02793602, 0.00184263],\n       [0.96190243, 0.03640723, 0.00169034],\n       [0.01170756, 0.85837708, 0.12991535],\n       [0.01238704, 0.89870132, 0.08891164],\n       [0.01106128, 0.82069045, 0.16824827],\n       [0.01227365, 0.90011334, 0.08761302],\n       [0.01099432, 0.83552   , 0.15348568],\n       [0.01121473, 0.85262936, 0.13615591],\n       [0.01198928, 0.85916804, 0.12884268],\n       [0.01407255, 0.92223677, 0.06369069],\n       [0.01119569, 0.84812304, 0.14068127],\n       [0.01249602, 0.9173077 , 0.07019628],\n       [0.01424497, 0.91366676, 0.07208828],\n       [0.01250379, 0.91667099, 0.07082522],\n       [0.01249745, 0.90159215, 0.0859104 ],\n       [0.01099119, 0.83153044, 0.15747838],\n       [0.01397791, 0.92789117, 0.05813092],\n       [0.01234536, 0.90691036, 0.08074427],\n       [0.01183078, 0.8873913 , 0.10077792],\n       [0.01208849, 0.90637158, 0.08153993],\n       [0.01163198, 0.85059374, 0.13777429],\n       [0.01231939, 0.90913685, 0.07854376],\n       [0.01143489, 0.83940566, 0.14915945],\n       [0.0124601 , 0.91771036, 0.06982954],\n       [0.01163459, 0.08435442, 0.90401099],\n       [0.01085109, 0.82225238, 0.16689653],\n       [0.01206685, 0.90488126, 0.08305189],\n       [0.01208915, 0.90210743, 0.08580342],\n       [0.01077134, 0.81152149, 0.17770717],\n       [0.01167589, 0.08892153, 0.89940258],\n       [0.01150223, 0.87038635, 0.11811142],\n       [0.01344393, 0.92364316, 0.06291291],\n       [0.01254884, 0.91149644, 0.07595472],\n       [0.01277154, 0.9150339 , 0.07219456],\n       [0.01249602, 0.9173077 , 0.07019628],\n       [0.01169055, 0.07006101, 0.91824844],\n       [0.01183078, 0.8873913 , 0.10077792],\n       [0.01311249, 0.89274471, 0.09414281],\n       [0.01144047, 0.85215215, 0.13640738],\n       [0.01143949, 0.85129049, 0.13727001],\n       [0.01272122, 0.92062332, 0.06665546],\n       [0.0121156 , 0.90257126, 0.08531313],\n       [0.01114265, 0.84715015, 0.1417072 ],\n       [0.01147168, 0.86285827, 0.12567005],\n       [0.01216951, 0.90732453, 0.08050596],\n       [0.01411647, 0.92077977, 0.06510376],\n       [0.01187284, 0.8964684 , 0.09165876],\n       [0.01250379, 0.91667099, 0.07082522],\n       [0.01226739, 0.91257569, 0.07515691],\n       [0.01206685, 0.90488126, 0.08305189],\n       [0.28293999, 0.71561591, 0.0014441 ],\n       [0.01225895, 0.91293359, 0.07480746],\n       [0.0128358 , 0.02581913, 0.96134507],\n       [0.01169055, 0.07006101, 0.91824844],\n       [0.01262836, 0.0243216 , 0.96305004],\n       [0.01232825, 0.03009259, 0.95757917],\n       [0.01252695, 0.02601459, 0.96145847],\n       [0.01363065, 0.02005493, 0.96631443],\n       [0.01097694, 0.83092178, 0.15810128],\n       [0.0131454 , 0.02070324, 0.96615136],\n       [0.01272707, 0.02695937, 0.96031356],\n       [0.01342061, 0.02718617, 0.95939322],\n       [0.01191977, 0.08539697, 0.90268326],\n       [0.01199299, 0.0473476 , 0.94065942],\n       [0.01221606, 0.0383684 , 0.94941554],\n       [0.01169375, 0.07805369, 0.91025256],\n       [0.01166464, 0.07344366, 0.9148917 ],\n       [0.0120005 , 0.06956382, 0.91843568],\n       [0.01221606, 0.0383684 , 0.94941554],\n       [0.01462041, 0.02628857, 0.95909102],\n       [0.0145152 , 0.02070539, 0.9647794 ],\n       [0.01144813, 0.81327531, 0.17527656],\n       [0.01249905, 0.0321182 , 0.95538274],\n       [0.01155682, 0.08875311, 0.89969006],\n       [0.01389839, 0.0198417 , 0.96625991],\n       [0.01154923, 0.08575537, 0.90269541],\n       [0.01258626, 0.03370679, 0.95370695],\n       [0.01277629, 0.02482037, 0.96240334],\n       [0.01077134, 0.81152149, 0.17770717],\n       [0.0109088 , 0.81465835, 0.17443285],\n       [0.01233911, 0.02883412, 0.95882676],\n       [0.01252695, 0.02601459, 0.96145847],\n       [0.01288936, 0.02162461, 0.96548604],\n       [0.01439585, 0.02719794, 0.95840621],\n       [0.01233911, 0.02883412, 0.95882676],\n       [0.01166464, 0.07344366, 0.9148917 ],\n       [0.01241487, 0.02929852, 0.9582866 ],\n       [0.01285632, 0.02218785, 0.96495582],\n       [0.01265629, 0.0401083 , 0.94723541],\n       [0.0122231 , 0.04281281, 0.94496409],\n       [0.01101316, 0.82680251, 0.16218432],\n       [0.01204926, 0.05575307, 0.93219767],\n       [0.01235103, 0.03482623, 0.95282274],\n       [0.01178269, 0.08442093, 0.90379638],\n       [0.01169055, 0.07006101, 0.91824844],\n       [0.01267978, 0.02644105, 0.96087917],\n       [0.01258626, 0.03370679, 0.95370695],\n       [0.01176916, 0.07311841, 0.91511243],\n       [0.01169375, 0.07805369, 0.91025256],\n       [0.01176916, 0.07311841, 0.91511243],\n       [0.01245478, 0.05895717, 0.92858804],\n       [0.01169954, 0.08172102, 0.90657945]])"}, "name": "predict_proba"}
