{"types": {}, "values": {"inputs": {"self": {"n_components": 3, "copy": true, "tol": 0.01, "max_iter": 1000, "svd_method": "randomized", "noise_variance_init": null, "iterated_power": 3, "random_state": 0, "rotation": null, "n_features_in_": 5, "mean_": "array([-0.06367307,  0.13858631, -0.21958922, -0.0058302 ,  0.39563915])", "components_": "array([[ 0.24898047,  1.63823551,  0.45857238,  1.28444527,  1.79514831],\n       [ 0.58570443, -0.67534495, -0.55063089,  2.2142591 ,  0.87221017],\n       [ 0.22803899, -0.09302353,  0.30557026,  0.94900946, -0.09051161]])", "noise_variance_": "array([0.02915112, 0.01974317, 0.01619952, 0.3752591 , 0.02651834])", "loglike_": [-153.92498137316255, -130.15779188037834, -124.03920108151823, -119.87292636203578, -116.71013716026131, -114.1666865413504, -112.10371544229216, -110.47118125560911, -109.22508977304568, -108.30672403842074, -107.64891070683923, -107.18714123949667, -106.866850424452, -106.64575254592594, -106.49296225711723, -106.38678682496617, -106.31236330908939, -106.25965103528873, -106.22190488316352, -106.19458703393677, -106.17462308139534, -106.15990728289731, -106.14897865254224, -106.14081002302093], "n_iter_": 24}, "args": {}, "kwargs": {}}, "return": "array([[ 0.48619385, -0.00887687, -0.13864946,  1.8331143 ,  0.93717405],\n       [-0.00887687,  3.16830294,  1.09469012,  0.52055495,  2.36025269],\n       [-0.13864946,  1.09469012,  0.62305571, -0.34023928,  0.3152819 ],\n       [ 1.8331143 ,  0.52055495, -0.34023928,  7.82862106,  4.15117269],\n       [ 0.93717405,  2.36025269,  0.3152819 ,  4.15117269,  4.01801873]])"}, "name": "get_covariance"}
{"types": {}, "values": {"inputs": {"self": {"n_components": 3, "copy": true, "tol": 0.01, "max_iter": 1000, "svd_method": "lapack", "noise_variance_init": null, "iterated_power": 3, "random_state": 0, "rotation": null, "n_features_in_": 5, "mean_": "array([-0.06367307,  0.13858631, -0.21958922, -0.0058302 ,  0.39563915])", "components_": "array([[ 0.24898047,  1.63823551,  0.45857238,  1.28444527,  1.79514831],\n       [ 0.58570443, -0.67534495, -0.55063089,  2.2142591 ,  0.87221017],\n       [-0.22803899,  0.09302353, -0.30557026, -0.94900946,  0.09051161]])", "noise_variance_": "array([0.02915112, 0.01974317, 0.01619952, 0.3752591 , 0.02651834])", "loglike_": [-153.92498137316258, -130.15779188037862, -124.03920108151834, -119.87292636203597, -116.7101371602615, -114.16668654135032, -112.10371544229154, -110.4711812556094, -109.22508977304652, -108.30672403842067, -107.64891070683923, -107.18714123949607, -106.86685042445184, -106.64575254592698, -106.4929622571171, -106.3867868249644, -106.3123633090907, -106.25965103528672, -106.22190488316636, -106.19458703393987, -106.17462308139474, -106.15990728289887, -106.14897865254454, -106.14081002302106], "n_iter_": 24}, "args": {}, "kwargs": {}}, "return": "array([[ 0.48619385, -0.00887687, -0.13864946,  1.8331143 ,  0.93717405],\n       [-0.00887687,  3.16830294,  1.09469012,  0.52055495,  2.36025269],\n       [-0.13864946,  1.09469012,  0.62305571, -0.34023928,  0.3152819 ],\n       [ 1.8331143 ,  0.52055495, -0.34023928,  7.82862106,  4.15117269],\n       [ 0.93717405,  2.36025269,  0.3152819 ,  4.15117269,  4.01801873]])"}, "name": "get_covariance"}
{"types": {}, "values": {"inputs": {"self": {"n_components": 0, "copy": true, "tol": 0.01, "max_iter": 1000, "svd_method": "randomized", "noise_variance_init": "array([1., 1., 1., 1., 1.])", "iterated_power": 3, "random_state": 0, "rotation": null, "n_features_in_": 5, "mean_": "array([-0.06367307,  0.13858631, -0.21958922, -0.0058302 ,  0.39563915])", "components_": "array([], shape=(0, 5), dtype=float64)", "noise_variance_": "array([0.48623344, 3.16801442, 0.622832  , 7.83054363, 4.01762516])", "loglike_": [-253.14633972465745, -175.9666836306013, -175.9666836306013], "n_iter_": 3}, "args": {}, "kwargs": {}}, "return": "array([[0.48623344, 0.        , 0.        , 0.        , 0.        ],\n       [0.        , 3.16801442, 0.        , 0.        , 0.        ],\n       [0.        , 0.        , 0.622832  , 0.        , 0.        ],\n       [0.        , 0.        , 0.        , 7.83054363, 0.        ],\n       [0.        , 0.        , 0.        , 0.        , 4.01762516]])"}, "name": "get_covariance"}
{"types": {}, "values": {"inputs": {"self": {"n_components": 2, "copy": true, "tol": 0.01, "max_iter": 1000, "svd_method": "randomized", "noise_variance_init": "array([1., 1., 1., 1., 1.])", "iterated_power": 3, "random_state": 0, "rotation": null, "n_features_in_": 5, "mean_": "array([-0.06367307,  0.13858631, -0.21958922, -0.0058302 ,  0.39563915])", "components_": "array([[ 0.03213993,  1.7718938 ,  0.59897001,  0.44133402,  1.40152907],\n       [ 0.67618093, -0.09729842, -0.25735584,  2.67551376,  1.32691516]])", "noise_variance_": "array([0.02796937, 0.01953533, 0.19796225, 0.47741235, 0.29270607])", "loglike_": [-156.20025938022837, -130.1634500104978, -124.68729787307328, -122.25636118758239, -121.09607334570676, -120.48540581923105, -120.11391665272662, -119.85796812069833, -119.66770133416917, -119.51988664313046, -119.40163916808237, -119.3049163671324, -119.2243572845729, -119.15623969654256, -119.09789916299452, -119.04737955116306, -119.00321306194857, -118.96427709748534, -118.92969851299738, -118.89878799277074, -118.87099408630824, -118.84587037811855, -118.82305161815154, -118.80223608447905, -118.78317235781651, -118.76564927038703, -118.7494881731638, -118.73453691981663, -118.72066513804349, -118.70776047764878, -118.6957256077223, -118.68447579401973, -118.67393692986224, -118.66404392457036], "n_iter_": 34}, "args": {}, "kwargs": {}}, "return": "array([[ 0.48622301, -0.0088428 , -0.15476826,  1.82331584,  0.94227977],\n       [-0.0088428 ,  3.16860994,  1.08635156,  0.52167373,  2.3542539 ],\n       [-0.15476826,  1.08635156,  0.62295935, -0.42421324,  0.49798451],\n       [ 1.82331584,  0.52167373, -0.42421324,  7.83056195,  4.16872222],\n       [ 0.94227977,  2.3542539 ,  0.49798451,  4.16872222,  4.01769363]])"}, "name": "get_covariance"}
{"types": {}, "values": {"inputs": {"self": {"n_components": 5, "copy": true, "tol": 0.01, "max_iter": 1000, "svd_method": "randomized", "noise_variance_init": "array([1., 1., 1., 1., 1.])", "iterated_power": 3, "random_state": 0, "rotation": null, "n_features_in_": 5, "mean_": "array([-0.06367307,  0.13858631, -0.21958922, -0.0058302 ,  0.39563915])", "components_": "array([[ 6.16708182e-01,  6.07122012e-01, -1.63210170e-03,\n         2.59891813e+00,  1.75461383e+00],\n       [-2.29250337e-01,  1.54885838e+00,  6.14001928e-01,\n        -6.46171844e-01,  7.03003501e-01],\n       [ 8.33552790e-03,  3.37405107e-03,  7.75841764e-02,\n         5.81101134e-02, -7.84856432e-02],\n       [ 0.00000000e+00,  0.00000000e+00,  0.00000000e+00,\n        -0.00000000e+00,  0.00000000e+00],\n       [ 0.00000000e+00,  0.00000000e+00, -0.00000000e+00,\n         0.00000000e+00, -0.00000000e+00]])", "noise_variance_": "array([0.09333024, 0.68125604, 0.3181835 , 0.86168857, 0.59115787])", "loglike_": [-106.1148888644492, -106.11488886437621], "n_iter_": 2}, "args": {}, "kwargs": {}}, "return": "array([[ 0.52628442,  0.01936893, -0.14111997,  1.75139357,  0.9202667 ],\n       [ 0.01936893,  3.44882686,  0.95027292,  0.57722779,  2.15385273],\n       [-0.14111997,  0.95027292,  0.70120383, -0.39648403,  0.42269255],\n       [ 1.75139357,  0.57722779, -0.39648403,  8.03697886,  4.10127583],\n       [ 0.9202667 ,  2.15385273,  0.42269255,  4.10127583,  4.1702015 ]])"}, "name": "get_covariance"}
