{"types": {}, "values": {"inputs": {"self": {"check_y": null, "check_y_params": null, "check_X": null, "check_X_params": null, "methods_to_check": "all", "foo_param": 0, "expected_sample_weight": true, "expected_fit_params": null, "random_state": null, "n_features_in_": 4, "classes_": "array([0, 1, 2])"}, "args": {"X": "array([[5.1, 3.5, 1.4, 0.2],\n       [4.9, 3. , 1.4, 0.2],\n       [4.7, 3.2, 1.3, 0.2],\n       [4.6, 3.1, 1.5, 0.2],\n       [5. , 3.6, 1.4, 0.2],\n       [5.4, 3.9, 1.7, 0.4],\n       [4.6, 3.4, 1.4, 0.3],\n       [5. , 3.4, 1.5, 0.2],\n       [4.4, 2.9, 1.4, 0.2],\n       [4.9, 3.1, 1.5, 0.1],\n       [7. , 3.2, 4.7, 1.4],\n       [6.4, 3.2, 4.5, 1.5],\n       [6.9, 3.1, 4.9, 1.5],\n       [5.5, 2.3, 4. , 1.3],\n       [6.5, 2.8, 4.6, 1.5],\n       [5.7, 2.8, 4.5, 1.3],\n       [6.3, 3.3, 4.7, 1.6],\n       [4.9, 2.4, 3.3, 1. ],\n       [6.6, 2.9, 4.6, 1.3],\n       [5.2, 2.7, 3.9, 1.4],\n       [6.3, 3.3, 6. , 2.5],\n       [5.8, 2.7, 5.1, 1.9],\n       [7.1, 3. , 5.9, 2.1],\n       [6.3, 2.9, 5.6, 1.8],\n       [6.5, 3. , 5.8, 2.2],\n       [7.6, 3. , 6.6, 2.1],\n       [4.9, 2.5, 4.5, 1.7],\n       [7.3, 2.9, 6.3, 1.8],\n       [6.7, 2.5, 5.8, 1.8],\n       [7.2, 3.6, 6.1, 2.5]])"}, "kwargs": {}}, "return": "array([[0.7380019 , 0.12031068, 0.14168742],\n       [0.25918568, 0.32805547, 0.41275885],\n       [0.27814871, 0.61038974, 0.11146155],\n       [0.43945919, 0.1492302 , 0.41131061],\n       [0.20691722, 0.07364447, 0.71943832],\n       [0.37369288, 0.49047401, 0.13583311],\n       [0.416423  , 0.37912623, 0.20445076],\n       [0.17827489, 0.37647223, 0.44525288],\n       [0.24041477, 0.49831703, 0.2612682 ],\n       [0.31116953, 0.41829105, 0.27053942],\n       [0.21140742, 0.03776236, 0.75083022],\n       [0.64304008, 0.1029541 , 0.25400582],\n       [0.02601168, 0.01388079, 0.96010754],\n       [0.34498   , 0.62462781, 0.03039219],\n       [0.72375968, 0.15398694, 0.12225338],\n       [0.78021986, 0.02865034, 0.19112981],\n       [0.24820753, 0.29559504, 0.45619743],\n       [0.19935489, 0.36074924, 0.43989587],\n       [0.23834277, 0.51802573, 0.24363151],\n       [0.01245764, 0.39913221, 0.58841015],\n       [0.04752694, 0.72309576, 0.22937729],\n       [0.38055145, 0.23184119, 0.38760736],\n       [0.12519241, 0.30048763, 0.57431995],\n       [0.23558305, 0.35254254, 0.41187441],\n       [0.05902408, 0.84827172, 0.09270421],\n       [0.40631747, 0.27490817, 0.31877436],\n       [0.81746163, 0.13973031, 0.04280806],\n       [0.51586689, 0.37660233, 0.10753078],\n       [0.09085488, 0.65413968, 0.25500544],\n       [0.06515429, 0.79810577, 0.13673994]])"}, "name": "predict_proba"}
{"types": {}, "values": {"inputs": {"self": {"check_y": null, "check_y_params": null, "check_X": null, "check_X_params": null, "methods_to_check": "all", "foo_param": 0, "expected_sample_weight": true, "expected_fit_params": null, "random_state": null, "n_features_in_": 4, "classes_": "array([0, 1, 2])"}, "args": {"X": "array([[5.4, 3.7, 1.5, 0.2],\n       [4.8, 3.4, 1.6, 0.2],\n       [4.8, 3. , 1.4, 0.1],\n       [4.3, 3. , 1.1, 0.1],\n       [5.8, 4. , 1.2, 0.2],\n       [5.7, 4.4, 1.5, 0.4],\n       [5.4, 3.9, 1.3, 0.4],\n       [5.1, 3.5, 1.4, 0.3],\n       [5.7, 3.8, 1.7, 0.3],\n       [5.1, 3.8, 1.5, 0.3],\n       [5. , 2. , 3.5, 1. ],\n       [5.9, 3. , 4.2, 1.5],\n       [6. , 2.2, 4. , 1. ],\n       [6.1, 2.9, 4.7, 1.4],\n       [5.6, 2.9, 3.6, 1.3],\n       [6.7, 3.1, 4.4, 1.4],\n       [5.6, 3. , 4.5, 1.5],\n       [5.8, 2.7, 4.1, 1. ],\n       [6.2, 2.2, 4.5, 1.5],\n       [5.6, 2.5, 3.9, 1.1],\n       [6.5, 3.2, 5.1, 2. ],\n       [6.4, 2.7, 5.3, 1.9],\n       [6.8, 3. , 5.5, 2.1],\n       [5.7, 2.5, 5. , 2. ],\n       [5.8, 2.8, 5.1, 2.4],\n       [6.4, 3.2, 5.3, 2.3],\n       [6.5, 3. , 5.5, 1.8],\n       [7.7, 3.8, 6.7, 2.2],\n       [7.7, 2.6, 6.9, 2.3],\n       [6. , 2.2, 5. , 1.5]])"}, "kwargs": {}}, "return": "array([[0.78322193, 0.10375933, 0.11301874],\n       [0.25729854, 0.62123604, 0.12146541],\n       [0.28142595, 0.46983073, 0.24874332],\n       [0.05931532, 0.38144152, 0.55924317],\n       [0.67228763, 0.16114947, 0.1665629 ],\n       [0.06023176, 0.77045799, 0.16931025],\n       [0.15932144, 0.70245829, 0.13822027],\n       [0.59649106, 0.0826015 , 0.32090744],\n       [0.05742487, 0.62111798, 0.32145715],\n       [0.60128626, 0.04436638, 0.35434735],\n       [0.12678318, 0.15430396, 0.71891286],\n       [0.415264  , 0.45434056, 0.13039544],\n       [0.03409939, 0.37738413, 0.58851648],\n       [0.58774616, 0.25009151, 0.16216232],\n       [0.26769181, 0.55399413, 0.17831407],\n       [0.16346506, 0.65334242, 0.18319252],\n       [0.42004874, 0.27175267, 0.3081986 ],\n       [0.64615254, 0.08201197, 0.27183548],\n       [0.2330738 , 0.25385038, 0.51307582],\n       [0.81725311, 0.00393489, 0.178812  ],\n       [0.47644664, 0.1474772 , 0.37607616],\n       [0.27970972, 0.33150365, 0.38878663],\n       [0.32613226, 0.191502  , 0.48236574],\n       [0.13280633, 0.31958072, 0.54761295],\n       [0.55660632, 0.2078853 , 0.23550837],\n       [0.09174787, 0.18844577, 0.71980635],\n       [0.44567508, 0.01429967, 0.54002525],\n       [0.14706091, 0.31207465, 0.54086444],\n       [0.17404732, 0.25190922, 0.57404346],\n       [0.12243708, 0.38426634, 0.49329658]])"}, "name": "predict_proba"}
{"types": {}, "values": {"inputs": {"self": {"check_y": null, "check_y_params": null, "check_X": null, "check_X_params": null, "methods_to_check": "all", "foo_param": 0, "expected_sample_weight": true, "expected_fit_params": null, "random_state": null, "n_features_in_": 4, "classes_": "array([0, 1, 2])"}, "args": {"X": "array([[5.4, 3.4, 1.7, 0.2],\n       [5.1, 3.7, 1.5, 0.4],\n       [4.6, 3.6, 1. , 0.2],\n       [5.1, 3.3, 1.7, 0.5],\n       [4.8, 3.4, 1.9, 0.2],\n       [5. , 3. , 1.6, 0.2],\n       [5. , 3.4, 1.6, 0.4],\n       [5.2, 3.5, 1.5, 0.2],\n       [5.2, 3.4, 1.4, 0.2],\n       [4.7, 3.2, 1.6, 0.2],\n       [5.9, 3.2, 4.8, 1.8],\n       [6.1, 2.8, 4. , 1.3],\n       [6.3, 2.5, 4.9, 1.5],\n       [6.1, 2.8, 4.7, 1.2],\n       [6.4, 2.9, 4.3, 1.3],\n       [6.6, 3. , 4.4, 1.4],\n       [6.8, 2.8, 4.8, 1.4],\n       [6.7, 3. , 5. , 1.7],\n       [6. , 2.9, 4.5, 1.5],\n       [5.7, 2.6, 3.5, 1. ],\n       [6.9, 3.2, 5.7, 2.3],\n       [5.6, 2.8, 4.9, 2. ],\n       [7.7, 2.8, 6.7, 2. ],\n       [6.3, 2.7, 4.9, 1.8],\n       [6.7, 3.3, 5.7, 2.1],\n       [7.2, 3.2, 6. , 1.8],\n       [6.2, 2.8, 4.8, 1.8],\n       [6.1, 3. , 4.9, 1.8],\n       [6.4, 2.8, 5.6, 2.1],\n       [7.2, 3. , 5.8, 1.6]])"}, "kwargs": {}}, "return": "array([[3.05613350e-01, 6.32338261e-02, 6.31152824e-01],\n       [4.46978417e-01, 1.88685552e-01, 3.64336030e-01],\n       [3.28154881e-02, 7.21500035e-01, 2.45684477e-01],\n       [1.83279159e-01, 1.78450411e-01, 6.38270430e-01],\n       [8.81550708e-02, 6.95296677e-01, 2.16548252e-01],\n       [5.84103579e-01, 2.22255192e-01, 1.93641229e-01],\n       [2.62402909e-01, 3.31929926e-01, 4.05667165e-01],\n       [3.98497109e-01, 3.96392650e-01, 2.05110241e-01],\n       [3.84100396e-01, 4.82886809e-01, 1.33012795e-01],\n       [4.39633543e-01, 1.87971964e-01, 3.72394493e-01],\n       [3.62748498e-01, 5.03889373e-01, 1.33362129e-01],\n       [2.66395272e-01, 3.74631313e-01, 3.58973414e-01],\n       [3.82574781e-01, 3.84366994e-01, 2.33058225e-01],\n       [4.16384143e-01, 4.54114317e-01, 1.29501540e-01],\n       [5.63510456e-01, 2.15967765e-01, 2.20521779e-01],\n       [6.20389355e-01, 2.35025841e-01, 1.44584805e-01],\n       [9.63333442e-01, 2.90774491e-02, 7.58910880e-03],\n       [3.89817989e-01, 3.47451743e-01, 2.62730269e-01],\n       [6.02452760e-01, 3.96704207e-01, 8.43032650e-04],\n       [2.66291635e-01, 5.04727953e-01, 2.28980411e-01],\n       [1.07543299e-01, 1.15816400e-01, 7.76640301e-01],\n       [3.83681256e-01, 2.18693581e-01, 3.97625163e-01],\n       [1.06903787e-01, 6.84756284e-01, 2.08339929e-01],\n       [2.43379724e-01, 5.40029279e-01, 2.16590997e-01],\n       [4.96753893e-01, 4.40862159e-02, 4.59159891e-01],\n       [6.36763598e-01, 1.38175599e-02, 3.49418842e-01],\n       [4.38369615e-01, 4.58332242e-01, 1.03298143e-01],\n       [4.11802193e-02, 7.07204336e-01, 2.51615445e-01],\n       [1.29686808e-01, 3.71152158e-01, 4.99161033e-01],\n       [2.70147935e-01, 3.71679536e-01, 3.58172529e-01]])"}, "name": "predict_proba"}
