{"types": {}, "values": {"inputs": {"self": {}, "args": {"A": "array([[ 5.33905785e+02, -5.35359872e+01,  1.14366127e+00,\n        -1.09022988e+02, -1.42010758e+01, -5.69418723e+01,\n        -3.63520312e+01,  2.43201694e+01, -6.13029426e+01,\n        -7.66337725e+01],\n       [-5.35359872e+01,  5.58209677e+02,  8.16132537e+01,\n        -1.08291591e+02,  8.97670628e+01, -5.62889559e+01,\n         1.29036400e+02, -1.02813483e+02,  4.27090826e+01,\n        -4.30650251e+01],\n       [ 1.14366127e+00,  8.16132537e+01,  6.52955306e+02,\n        -1.52269494e+02,  7.40963815e+01, -1.32573051e+02,\n         1.45566977e+02,  3.05697450e+01, -1.52330613e+02,\n        -9.73319781e+01],\n       [-1.09022988e+02, -1.08291591e+02, -1.52269494e+02,\n         6.34295664e+02, -6.69610787e+01,  2.02054709e+01,\n         2.09833327e+01,  1.08066628e+02, -1.17342793e+02,\n        -9.97787425e+01],\n       [-1.42010758e+01,  8.97670628e+01,  7.40963815e+01,\n        -6.69610787e+01,  7.75919897e+03, -5.89073519e+03,\n        -3.36167488e+03, -1.13514377e+03, -2.71315505e+03,\n        -1.78910678e+01],\n       [-5.69418723e+01, -5.62889559e+01, -1.32573051e+02,\n         2.02054709e+01, -5.89073519e+03,  5.58924071e+03,\n         1.88914336e+03, -4.31328345e+02,  2.30603959e+03,\n        -7.36656304e+00],\n       [-3.63520312e+01,  1.29036400e+02,  1.45566977e+02,\n         2.09833327e+01, -3.36167488e+03,  1.88914336e+03,\n         2.86532426e+03,  1.95825349e+03,  9.68183372e+02,\n        -1.69892088e+01],\n       [ 2.43201694e+01, -1.02813483e+02,  3.05697450e+01,\n         1.08066628e+02, -1.13514377e+03, -4.31328345e+02,\n         1.95825349e+03,  2.96223938e+03, -3.24939505e+02,\n        -9.18965011e+01],\n       [-6.13029426e+01,  4.27090826e+01, -1.52330613e+02,\n        -1.17342793e+02, -2.71315505e+03,  2.30603959e+03,\n         9.68183372e+02, -3.24939505e+02,  1.84626184e+03,\n        -1.26429667e+02],\n       [-7.66337725e+01, -4.30650251e+01, -9.73319781e+01,\n        -9.97787425e+01, -1.78910678e+01, -7.36656304e+00,\n        -1.69892088e+01, -9.18965011e+01, -1.26429667e+02,\n         6.46906017e+02]])"}, "kwargs": {}}, "return": 67.16928083131381}, "name": "fast_logdet"}
{"types": {}, "values": {"inputs": {"self": {}, "args": {"A": "array([[ 5.33905785e+02, -5.35359872e+01,  1.14366127e+00,\n        -1.09022988e+02, -1.42010758e+01, -5.69418723e+01,\n        -3.63520312e+01,  2.43201694e+01, -6.13029426e+01,\n        -7.66337725e+01],\n       [-5.35359872e+01,  5.58209677e+02,  8.16132537e+01,\n        -1.08291591e+02,  8.97670628e+01, -5.62889559e+01,\n         1.29036400e+02, -1.02813483e+02,  4.27090826e+01,\n        -4.30650251e+01],\n       [ 1.14366127e+00,  8.16132537e+01,  6.52955306e+02,\n        -1.52269494e+02,  7.40963815e+01, -1.32573051e+02,\n         1.45566977e+02,  3.05697450e+01, -1.52330613e+02,\n        -9.73319781e+01],\n       [-1.09022988e+02, -1.08291591e+02, -1.52269494e+02,\n         6.34295664e+02, -6.69610787e+01,  2.02054709e+01,\n         2.09833327e+01,  1.08066628e+02, -1.17342793e+02,\n        -9.97787425e+01],\n       [-1.42010758e+01,  8.97670628e+01,  7.40963815e+01,\n        -6.69610787e+01,  7.75919897e+03, -5.89073519e+03,\n        -3.36167488e+03, -1.13514377e+03, -2.71315505e+03,\n        -1.78910678e+01],\n       [-5.69418723e+01, -5.62889559e+01, -1.32573051e+02,\n         2.02054709e+01, -5.89073519e+03,  5.58924071e+03,\n         1.88914336e+03, -4.31328345e+02,  2.30603959e+03,\n        -7.36656304e+00],\n       [-3.63520312e+01,  1.29036400e+02,  1.45566977e+02,\n         2.09833327e+01, -3.36167488e+03,  1.88914336e+03,\n         2.86532426e+03,  1.95825349e+03,  9.68183372e+02,\n        -1.69892088e+01],\n       [ 2.43201694e+01, -1.02813483e+02,  3.05697450e+01,\n         1.08066628e+02, -1.13514377e+03, -4.31328345e+02,\n         1.95825349e+03,  2.96223938e+03, -3.24939505e+02,\n        -9.18965011e+01],\n       [-6.13029426e+01,  4.27090826e+01, -1.52330613e+02,\n        -1.17342793e+02, -2.71315505e+03,  2.30603959e+03,\n         9.68183372e+02, -3.24939505e+02,  1.84626184e+03,\n        -1.26429667e+02],\n       [-7.66337725e+01, -4.30650251e+01, -9.73319781e+01,\n        -9.97787425e+01, -1.78910678e+01, -7.36656304e+00,\n        -1.69892088e+01, -9.18965011e+01, -1.26429667e+02,\n         6.46906017e+02]])"}, "kwargs": {}}, "return": 67.16928083131381}, "name": "fast_logdet"}
{"types": {}, "values": {"inputs": {"self": {}, "args": {"A": "array([[ 5.33905785e+02, -5.35359872e+01,  1.14366127e+00,\n        -1.09022988e+02, -1.42010758e+01, -5.69418723e+01,\n        -3.63520312e+01,  2.43201694e+01, -6.13029426e+01,\n        -7.66337725e+01],\n       [-5.35359872e+01,  5.58209677e+02,  8.16132537e+01,\n        -1.08291591e+02,  8.97670628e+01, -5.62889559e+01,\n         1.29036400e+02, -1.02813483e+02,  4.27090826e+01,\n        -4.30650251e+01],\n       [ 1.14366127e+00,  8.16132537e+01,  6.52955306e+02,\n        -1.52269494e+02,  7.40963815e+01, -1.32573051e+02,\n         1.45566977e+02,  3.05697450e+01, -1.52330613e+02,\n        -9.73319781e+01],\n       [-1.09022988e+02, -1.08291591e+02, -1.52269494e+02,\n         6.34295664e+02, -6.69610787e+01,  2.02054709e+01,\n         2.09833327e+01,  1.08066628e+02, -1.17342793e+02,\n        -9.97787425e+01],\n       [-1.42010758e+01,  8.97670628e+01,  7.40963815e+01,\n        -6.69610787e+01,  7.75919897e+03, -5.89073519e+03,\n        -3.36167488e+03, -1.13514377e+03, -2.71315505e+03,\n        -1.78910678e+01],\n       [-5.69418723e+01, -5.62889559e+01, -1.32573051e+02,\n         2.02054709e+01, -5.89073519e+03,  5.58924071e+03,\n         1.88914336e+03, -4.31328345e+02,  2.30603959e+03,\n        -7.36656304e+00],\n       [-3.63520312e+01,  1.29036400e+02,  1.45566977e+02,\n         2.09833327e+01, -3.36167488e+03,  1.88914336e+03,\n         2.86532426e+03,  1.95825349e+03,  9.68183372e+02,\n        -1.69892088e+01],\n       [ 2.43201694e+01, -1.02813483e+02,  3.05697450e+01,\n         1.08066628e+02, -1.13514377e+03, -4.31328345e+02,\n         1.95825349e+03,  2.96223938e+03, -3.24939505e+02,\n        -9.18965011e+01],\n       [-6.13029426e+01,  4.27090826e+01, -1.52330613e+02,\n        -1.17342793e+02, -2.71315505e+03,  2.30603959e+03,\n         9.68183372e+02, -3.24939505e+02,  1.84626184e+03,\n        -1.26429667e+02],\n       [-7.66337725e+01, -4.30650251e+01, -9.73319781e+01,\n        -9.97787425e+01, -1.78910678e+01, -7.36656304e+00,\n        -1.69892088e+01, -9.18965011e+01, -1.26429667e+02,\n         6.46906017e+02]])"}, "kwargs": {}}, "return": 67.16928083131381}, "name": "fast_logdet"}
{"types": {}, "values": {"inputs": {"self": {}, "args": {"A": "array([[ 5.33905785e+02, -5.35359872e+01,  1.14366127e+00,\n        -1.09022988e+02, -1.42010758e+01, -5.69418723e+01,\n        -3.63520312e+01,  2.43201694e+01, -6.13029426e+01,\n        -7.66337725e+01],\n       [-5.35359872e+01,  5.58209677e+02,  8.16132537e+01,\n        -1.08291591e+02,  8.97670628e+01, -5.62889559e+01,\n         1.29036400e+02, -1.02813483e+02,  4.27090826e+01,\n        -4.30650251e+01],\n       [ 1.14366127e+00,  8.16132537e+01,  6.52955306e+02,\n        -1.52269494e+02,  7.40963815e+01, -1.32573051e+02,\n         1.45566977e+02,  3.05697450e+01, -1.52330613e+02,\n        -9.73319781e+01],\n       [-1.09022988e+02, -1.08291591e+02, -1.52269494e+02,\n         6.34295664e+02, -6.69610787e+01,  2.02054709e+01,\n         2.09833327e+01,  1.08066628e+02, -1.17342793e+02,\n        -9.97787425e+01],\n       [-1.42010758e+01,  8.97670628e+01,  7.40963815e+01,\n        -6.69610787e+01,  7.75919897e+03, -5.89073519e+03,\n        -3.36167488e+03, -1.13514377e+03, -2.71315505e+03,\n        -1.78910678e+01],\n       [-5.69418723e+01, -5.62889559e+01, -1.32573051e+02,\n         2.02054709e+01, -5.89073519e+03,  5.58924071e+03,\n         1.88914336e+03, -4.31328345e+02,  2.30603959e+03,\n        -7.36656304e+00],\n       [-3.63520312e+01,  1.29036400e+02,  1.45566977e+02,\n         2.09833327e+01, -3.36167488e+03,  1.88914336e+03,\n         2.86532426e+03,  1.95825349e+03,  9.68183372e+02,\n        -1.69892088e+01],\n       [ 2.43201694e+01, -1.02813483e+02,  3.05697450e+01,\n         1.08066628e+02, -1.13514377e+03, -4.31328345e+02,\n         1.95825349e+03,  2.96223938e+03, -3.24939505e+02,\n        -9.18965011e+01],\n       [-6.13029426e+01,  4.27090826e+01, -1.52330613e+02,\n        -1.17342793e+02, -2.71315505e+03,  2.30603959e+03,\n         9.68183372e+02, -3.24939505e+02,  1.84626184e+03,\n        -1.26429667e+02],\n       [-7.66337725e+01, -4.30650251e+01, -9.73319781e+01,\n        -9.97787425e+01, -1.78910678e+01, -7.36656304e+00,\n        -1.69892088e+01, -9.18965011e+01, -1.26429667e+02,\n         6.46906017e+02]])"}, "kwargs": {}}, "return": 67.16928083131381}, "name": "fast_logdet"}
{"types": {}, "values": {"inputs": {"self": {}, "args": {"A": "array([[ 5.33556476e+02, -5.34131904e+01,  1.00447147e+00,\n        -1.08769873e+02, -1.62358996e+01, -5.50149479e+01,\n        -3.55781186e+01,  2.40248776e+01, -6.03136542e+01,\n        -7.64702027e+01],\n       [-5.34131904e+01,  5.57641490e+02,  8.11418675e+01,\n        -1.07830531e+02,  8.71650128e+01, -5.43090769e+01,\n         1.29726621e+02, -1.02116534e+02,  4.31958993e+01,\n        -4.29525154e+01],\n       [ 1.00447147e+00,  8.11418675e+01,  6.51872262e+02,\n        -1.51775474e+02,  6.87543281e+01, -1.27085690e+02,\n         1.46020035e+02,  2.88438298e+01, -1.49558369e+02,\n        -9.70728109e+01],\n       [-1.08769873e+02, -1.07830531e+02, -1.51775474e+02,\n         6.33367590e+02, -6.46816985e+01,  1.91138090e+01,\n         1.93069105e+01,  1.05890474e+02, -1.17353936e+02,\n        -9.95561845e+01],\n       [-1.62358996e+01,  8.71650128e+01,  6.87543281e+01,\n        -6.46816985e+01,  7.29394138e+03, -5.52273185e+03,\n        -3.15209264e+03, -1.07306138e+03, -2.54065913e+03,\n        -1.95666197e+01],\n       [-5.50149479e+01, -5.43090769e+01, -1.27085690e+02,\n         1.91138090e+01, -5.52273185e+03,  5.28582690e+03,\n         1.73821184e+03, -4.55980368e+02,  2.16347134e+03,\n        -6.54121442e+00],\n       [-3.55781186e+01,  1.29726621e+02,  1.46020035e+02,\n         1.93069105e+01, -3.15209264e+03,  1.73821184e+03,\n         2.75333215e+03,  1.90171391e+03,  8.97684949e+02,\n        -1.55945574e+01],\n       [ 2.40248776e+01, -1.02116534e+02,  2.88438298e+01,\n         1.05890474e+02, -1.07306138e+03, -4.55980368e+02,\n         1.90171391e+03,  2.90619429e+03, -3.35056013e+02,\n        -9.07231665e+01],\n       [-6.03136542e+01,  4.31958993e+01, -1.49558369e+02,\n        -1.17353936e+02, -2.54065913e+03,  2.16347134e+03,\n         8.97684949e+02, -3.35056013e+02,  1.77771752e+03,\n        -1.25645195e+02],\n       [-7.64702027e+01, -4.29525154e+01, -9.70728109e+01,\n        -9.95561845e+01, -1.95666197e+01, -6.54121442e+00,\n        -1.55945574e+01, -9.07231665e+01, -1.25645195e+02,\n         6.46086201e+02]])"}, "kwargs": {}}, "return": 67.08420313249192}, "name": "fast_logdet"}
