{"types": {}, "values": {"inputs": {"self": {"estimators": [["pipe1", "Pipeline(steps=[('simpleimputer', SimpleImputer()),\n                ('logisticregression', LogisticRegression())])"], ["pipe2", "Pipeline(steps=[('simpleimputer', SimpleImputer()),\n                ('logisticregression', LogisticRegression())])"]], "final_estimator": null, "cv": null, "stack_method": "auto", "n_jobs": null, "verbose": 0, "passthrough": false, "_label_encoder": "LabelEncoder()", "classes_": "array([0, 1, 2])", "final_estimator_": "LogisticRegression()", "estimators_": ["Pipeline(steps=[('simpleimputer', SimpleImputer()),\n                ('logisticregression', LogisticRegression())])", "Pipeline(steps=[('simpleimputer', SimpleImputer()),\n                ('logisticregression', LogisticRegression())])"], "named_estimators_": {"pipe1": "Pipeline(steps=[('simpleimputer', SimpleImputer()),\n                ('logisticregression', LogisticRegression())])", "pipe2": "Pipeline(steps=[('simpleimputer', SimpleImputer()),\n                ('logisticregression', LogisticRegression())])"}, "stack_method_": ["predict_proba", "predict_proba"], "_n_feature_outs": [3, 3]}, "args": {"X": "array([[5.1, 3.5, 1.4, 0.2],\n       [4.9, 3. , 1.4, 0.2],\n       [4.7, 3.2, 1.3, 0.2],\n       [4.6, nan, 1.5, 0.2],\n       [5. , 3.6, 1.4, 0.2],\n       [nan, nan, 1.7, 0.4],\n       [4.6, 3.4, 1.4, 0.3],\n       [5. , 3.4, nan, 0.2],\n       [4.4, 2.9, 1.4, 0.2],\n       [4.9, 3.1, 1.5, 0.1],\n       [5.4, 3.7, 1.5, 0.2],\n       [4.8, 3.4, 1.6, 0.2],\n       [4.8, 3. , 1.4, 0.1],\n       [4.3, 3. , nan, 0.1],\n       [5.8, 4. , 1.2, nan],\n       [5.7, 4.4, 1.5, 0.4],\n       [5.4, 3.9, 1.3, 0.4],\n       [5.1, 3.5, 1.4, 0.3],\n       [5.7, 3.8, 1.7, 0.3],\n       [5.1, nan, 1.5, 0.3],\n       [5.4, 3.4, 1.7, nan],\n       [5.1, 3.7, 1.5, 0.4],\n       [4.6, 3.6, 1. , 0.2],\n       [5.1, 3.3, nan, 0.5],\n       [4.8, 3.4, 1.9, 0.2],\n       [5. , 3. , 1.6, 0.2],\n       [5. , 3.4, 1.6, 0.4],\n       [5.2, 3.5, 1.5, 0.2],\n       [5.2, 3.4, 1.4, nan],\n       [4.7, 3.2, 1.6, 0.2],\n       [4.8, 3.1, 1.6, 0.2],\n       [5.4, 3.4, 1.5, 0.4],\n       [5.2, 4.1, 1.5, 0.1],\n       [5.5, 4.2, 1.4, nan],\n       [4.9, 3.1, 1.5, 0.2],\n       [5. , 3.2, 1.2, 0.2],\n       [5.5, nan, 1.3, 0.2],\n       [nan, 3.6, 1.4, 0.1],\n       [4.4, 3. , 1.3, 0.2],\n       [5.1, 3.4, 1.5, 0.2],\n       [5. , 3.5, nan, 0.3],\n       [4.5, nan, 1.3, 0.3],\n       [4.4, 3.2, 1.3, 0.2],\n       [5. , 3.5, 1.6, 0.6],\n       [5.1, 3.8, 1.9, 0.4],\n       [4.8, 3. , 1.4, 0.3],\n       [5.1, 3.8, 1.6, 0.2],\n       [4.6, 3.2, 1.4, 0.2],\n       [5.3, 3.7, nan, 0.2],\n       [5. , 3.3, 1.4, 0.2],\n       [7. , 3.2, 4.7, 1.4],\n       [6.4, 3.2, 4.5, 1.5],\n       [6.9, 3.1, 4.9, 1.5],\n       [5.5, 2.3, nan, nan],\n       [6.5, 2.8, 4.6, 1.5],\n       [5.7, 2.8, 4.5, 1.3],\n       [6.3, 3.3, 4.7, nan],\n       [4.9, 2.4, 3.3, nan],\n       [6.6, 2.9, 4.6, 1.3],\n       [5.2, 2.7, nan, 1.4],\n       [5. , 2. , 3.5, 1. ],\n       [5.9, 3. , 4.2, nan],\n       [6. , 2.2, 4. , 1. ],\n       [6.1, 2.9, 4.7, 1.4],\n       [5.6, 2.9, 3.6, 1.3],\n       [6.7, 3.1, 4.4, 1.4],\n       [5.6, 3. , 4.5, 1.5],\n       [5.8, nan, 4.1, 1. ],\n       [6.2, 2.2, 4.5, 1.5],\n       [5.6, 2.5, 3.9, 1.1],\n       [5.9, 3.2, 4.8, 1.8],\n       [6.1, 2.8, nan, nan],\n       [6.3, 2.5, nan, nan],\n       [6.1, nan, 4.7, 1.2],\n       [6.4, nan, 4.3, 1.3],\n       [6.6, 3. , 4.4, 1.4],\n       [6.8, 2.8, 4.8, 1.4],\n       [6.7, 3. , 5. , 1.7],\n       [6. , nan, 4.5, 1.5],\n       [5.7, 2.6, 3.5, 1. ],\n       [5.5, 2.4, 3.8, 1.1],\n       [5.5, 2.4, 3.7, 1. ],\n       [5.8, 2.7, 3.9, 1.2],\n       [6. , 2.7, 5.1, 1.6],\n       [5.4, nan, 4.5, 1.5],\n       [6. , 3.4, 4.5, nan],\n       [6.7, 3.1, 4.7, 1.5],\n       [6.3, 2.3, 4.4, 1.3],\n       [5.6, nan, 4.1, 1.3],\n       [5.5, 2.5, 4. , 1.3],\n       [5.5, 2.6, 4.4, 1.2],\n       [6.1, 3. , 4.6, 1.4],\n       [nan, 2.6, 4. , 1.2],\n       [5. , nan, nan, 1. ],\n       [5.6, 2.7, 4.2, 1.3],\n       [5.7, 3. , 4.2, 1.2],\n       [5.7, 2.9, 4.2, 1.3],\n       [6.2, 2.9, 4.3, 1.3],\n       [5.1, 2.5, 3. , nan],\n       [5.7, 2.8, 4.1, 1.3],\n       [6.3, 3.3, 6. , nan],\n       [5.8, 2.7, 5.1, 1.9],\n       [7.1, 3. , 5.9, 2.1],\n       [6.3, 2.9, 5.6, 1.8],\n       [6.5, nan, 5.8, 2.2],\n       [nan, 3. , 6.6, 2.1],\n       [4.9, 2.5, nan, 1.7],\n       [7.3, 2.9, 6.3, 1.8],\n       [6.7, 2.5, 5.8, 1.8],\n       [nan, 3.6, 6.1, 2.5],\n       [6.5, 3.2, 5.1, 2. ],\n       [6.4, 2.7, 5.3, 1.9],\n       [nan, 3. , 5.5, nan],\n       [5.7, 2.5, 5. , 2. ],\n       [5.8, 2.8, 5.1, 2.4],\n       [6.4, 3.2, 5.3, 2.3],\n       [6.5, nan, 5.5, 1.8],\n       [7.7, 3.8, 6.7, 2.2],\n       [7.7, 2.6, 6.9, 2.3],\n       [6. , 2.2, 5. , 1.5],\n       [6.9, 3.2, nan, 2.3],\n       [5.6, 2.8, 4.9, 2. ],\n       [7.7, 2.8, 6.7, 2. ],\n       [6.3, 2.7, 4.9, 1.8],\n       [nan, 3.3, 5.7, 2.1],\n       [7.2, 3.2, 6. , 1.8],\n       [6.2, 2.8, 4.8, 1.8],\n       [6.1, 3. , 4.9, 1.8],\n       [6.4, 2.8, 5.6, 2.1],\n       [nan, 3. , 5.8, 1.6],\n       [7.4, nan, 6.1, 1.9],\n       [7.9, nan, 6.4, 2. ],\n       [6.4, 2.8, 5.6, nan],\n       [6.3, 2.8, 5.1, 1.5],\n       [6.1, 2.6, 5.6, 1.4],\n       [7.7, 3. , 6.1, 2.3],\n       [6.3, 3.4, 5.6, 2.4],\n       [6.4, 3.1, nan, 1.8],\n       [6. , 3. , 4.8, 1.8],\n       [nan, 3.1, 5.4, nan],\n       [6.7, 3.1, 5.6, 2.4],\n       [6.9, nan, 5.1, 2.3],\n       [5.8, 2.7, 5.1, 1.9],\n       [6.8, 3.2, 5.9, 2.3],\n       [nan, 3.3, nan, 2.5],\n       [6.7, nan, 5.2, 2.3],\n       [6.3, 2.5, 5. , 1.9],\n       [6.5, nan, 5.2, 2. ],\n       [6.2, 3.4, 5.4, 2.3],\n       [5.9, 3. , 5.1, 1.8]])"}, "kwargs": {}}, "return": "array([[9.91304141e-01, 8.69572613e-03, 1.32817527e-07, 9.91304141e-01,\n        8.69572613e-03, 1.32817527e-07],\n       [9.81735383e-01, 1.82643353e-02, 2.82139274e-07, 9.81735383e-01,\n        1.82643353e-02, 2.82139274e-07],\n       [9.92489510e-01, 7.51037679e-03, 1.13331566e-07, 9.92489510e-01,\n        7.51037679e-03, 1.13331566e-07],\n       [9.88240477e-01, 1.17592350e-02, 2.87569039e-07, 9.88240477e-01,\n        1.17592350e-02, 2.87569039e-07],\n       [9.93991910e-01, 6.00798877e-03, 1.01439422e-07, 9.93991910e-01,\n        6.00798877e-03, 1.01439422e-07],\n       [8.79664659e-01, 1.20331709e-01, 3.63241085e-06, 8.79664659e-01,\n        1.20331709e-01, 3.63241085e-06],\n       [9.94497296e-01, 5.50254146e-03, 1.62257433e-07, 9.94497296e-01,\n        5.50254146e-03, 1.62257433e-07],\n       [7.28125986e-01, 2.70965754e-01, 9.08259978e-04, 7.28125986e-01,\n        2.70965754e-01, 9.08259978e-04],\n       [9.89684067e-01, 1.03157090e-02, 2.23660038e-07, 9.89684067e-01,\n        1.03157090e-02, 2.23660038e-07],\n       [9.84662858e-01, 1.53369202e-02, 2.21359226e-07, 9.84662858e-01,\n        1.53369202e-02, 2.21359226e-07],\n       [9.89368530e-01, 1.06312981e-02, 1.72128986e-07, 9.89368530e-01,\n        1.06312981e-02, 1.72128986e-07],\n       [9.90887198e-01, 9.11253750e-03, 2.64049937e-07, 9.90887198e-01,\n        9.11253750e-03, 2.64049937e-07],\n       [9.86094954e-01, 1.39048783e-02, 1.68018740e-07, 9.86094954e-01,\n        1.39048783e-02, 1.68018740e-07],\n       [7.95516991e-01, 2.03739103e-01, 7.43906147e-04, 7.95516991e-01,\n        2.03739103e-01, 7.43906147e-04],\n       [9.78797131e-01, 2.11995499e-02, 3.31947412e-06, 9.78797131e-01,\n        2.11995499e-02, 3.31947412e-06],\n       [9.95116688e-01, 4.88316713e-03, 1.45097765e-07, 9.95116688e-01,\n        4.88316713e-03, 1.45097765e-07],\n       [9.93524167e-01, 6.47569929e-03, 1.33812111e-07, 9.93524167e-01,\n        6.47569929e-03, 1.33812111e-07],\n       [9.90220700e-01, 9.77909444e-03, 2.05451955e-07, 9.90220700e-01,\n        9.77909444e-03, 2.05451955e-07],\n       [9.79027025e-01, 2.09723720e-02, 6.02819274e-07, 9.79027025e-01,\n        2.09723720e-02, 6.02819274e-07],\n       [9.71240111e-01, 2.87592183e-02, 6.70868560e-07, 9.71240111e-01,\n        2.87592183e-02, 6.70868560e-07],\n       [9.17596128e-01, 8.23588583e-02, 4.50139957e-05, 9.17596128e-01,\n        8.23588583e-02, 4.50139957e-05],\n       [9.91608480e-01, 8.39119963e-03, 3.20180476e-07, 9.91608480e-01,\n        8.39119963e-03, 3.20180476e-07],\n       [9.98276723e-01, 1.72326078e-03, 1.59255167e-08, 9.98276723e-01,\n        1.72326078e-03, 1.59255167e-08],\n       [5.62827569e-01, 4.33749541e-01, 3.42289035e-03, 5.62827569e-01,\n        4.33749541e-01, 3.42289035e-03],\n       [9.85584214e-01, 1.44149687e-02, 8.17599591e-07, 9.85584214e-01,\n        1.44149687e-02, 8.17599591e-07],\n       [9.71150676e-01, 2.88486755e-02, 6.48106051e-07, 9.71150676e-01,\n        2.88486755e-02, 6.48106051e-07],\n       [9.84243485e-01, 1.57557690e-02, 7.46147396e-07, 9.84243485e-01,\n        1.57557690e-02, 7.46147396e-07],\n       [9.88142645e-01, 1.18571449e-02, 2.10553975e-07, 9.88142645e-01,\n        1.18571449e-02, 2.10553975e-07],\n       [9.60516770e-01, 3.94704712e-02, 1.27589594e-05, 9.60516770e-01,\n        3.94704712e-02, 1.27589594e-05],\n       [9.88107919e-01, 1.18917299e-02, 3.51248454e-07, 9.88107919e-01,\n        1.18917299e-02, 3.51248454e-07],\n       [9.82833379e-01, 1.71661627e-02, 4.58684954e-07, 9.82833379e-01,\n        1.71661627e-02, 4.58684954e-07],\n       [9.74784776e-01, 2.52145122e-02, 7.12257479e-07, 9.74784776e-01,\n        2.52145122e-02, 7.12257479e-07],\n       [9.97053805e-01, 2.94615059e-03, 4.47287846e-08, 9.97053805e-01,\n        2.94615059e-03, 4.47287846e-08],\n       [9.88181872e-01, 1.18143219e-02, 3.80587145e-06, 9.88181872e-01,\n        1.18143219e-02, 3.80587145e-06],\n       [9.82766352e-01, 1.72333054e-02, 3.42129212e-07, 9.82766352e-01,\n        1.72333054e-02, 3.42129212e-07],\n       [9.89673728e-01, 1.03261720e-02, 1.00005273e-07, 9.89673728e-01,\n        1.03261720e-02, 1.00005273e-07],\n       [9.64868953e-01, 3.51307632e-02, 2.84092998e-07, 9.64868953e-01,\n        3.51307632e-02, 2.84092998e-07],\n       [9.81403526e-01, 1.85963466e-02, 1.27552554e-07, 9.81403526e-01,\n        1.85963466e-02, 1.27552554e-07],\n       [9.92840838e-01, 7.15903435e-03, 1.27482971e-07, 9.92840838e-01,\n        7.15903435e-03, 1.27482971e-07],\n       [9.87478329e-01, 1.25214377e-02, 2.32860228e-07, 9.87478329e-01,\n        1.25214377e-02, 2.32860228e-07],\n       [7.46316785e-01, 2.52487212e-01, 1.19600340e-03, 7.46316785e-01,\n        2.52487212e-01, 1.19600340e-03],\n       [9.91679761e-01, 8.32004650e-03, 1.92437802e-07, 9.91679761e-01,\n        8.32004650e-03, 1.92437802e-07],\n       [9.95320203e-01, 4.67970873e-03, 8.79603328e-08, 9.95320203e-01,\n        4.67970873e-03, 8.79603328e-08],\n       [9.83878899e-01, 1.61196167e-02, 1.48388106e-06, 9.83878899e-01,\n        1.61196167e-02, 1.48388106e-06],\n       [9.87472505e-01, 1.25262931e-02, 1.20236266e-06, 9.87472505e-01,\n        1.25262931e-02, 1.20236266e-06],\n       [9.82440980e-01, 1.75586183e-02, 4.01425606e-07, 9.82440980e-01,\n        1.75586183e-02, 4.01425606e-07],\n       [9.93746199e-01, 6.25363844e-03, 1.62084414e-07, 9.93746199e-01,\n        6.25363844e-03, 1.62084414e-07],\n       [9.92519020e-01, 7.48082780e-03, 1.51935242e-07, 9.92519020e-01,\n        7.48082780e-03, 1.51935242e-07],\n       [7.59715407e-01, 2.39585423e-01, 6.99169951e-04, 7.59715407e-01,\n        2.39585423e-01, 6.99169951e-04],\n       [9.88650570e-01, 1.13492535e-02, 1.76701193e-07, 9.88650570e-01,\n        1.13492535e-02, 1.76701193e-07],\n       [3.41494728e-03, 7.91041158e-01, 2.05543895e-01, 3.41494728e-03,\n        7.91041158e-01, 2.05543895e-01],\n       [9.89359253e-03, 7.31039158e-01, 2.59067250e-01, 9.89359253e-03,\n        7.31039158e-01, 2.59067250e-01],\n       [1.67673072e-03, 6.29576944e-01, 3.68746325e-01, 1.67673072e-03,\n        6.29576944e-01, 3.68746325e-01],\n       [3.33077343e-02, 9.29155722e-01, 3.75365441e-02, 3.33077343e-02,\n        9.29155722e-01, 3.75365441e-02],\n       [3.06144137e-03, 7.27799475e-01, 2.69139084e-01, 3.06144137e-03,\n        7.27799475e-01, 2.69139084e-01],\n       [1.69938357e-02, 7.67586600e-01, 2.15419565e-01, 1.69938357e-02,\n        7.67586600e-01, 2.15419565e-01],\n       [1.67007043e-02, 8.01199879e-01, 1.82099416e-01, 1.67007043e-02,\n        8.01199879e-01, 1.82099416e-01],\n       [1.93052844e-01, 7.89869292e-01, 1.70778643e-02, 1.93052844e-01,\n        7.89869292e-01, 1.70778643e-02],\n       [4.72544911e-03, 8.38739948e-01, 1.56534603e-01, 4.72544911e-03,\n        8.38739948e-01, 1.56534603e-01],\n       [8.69147956e-02, 8.22652523e-01, 9.04326810e-02, 8.69147956e-02,\n        8.22652523e-01, 9.04326810e-02],\n       [7.42124365e-02, 9.11693943e-01, 1.40936208e-02, 7.42124365e-02,\n        9.11693943e-01, 1.40936208e-02],\n       [3.94672132e-02, 8.79845220e-01, 8.06875672e-02, 3.94672132e-02,\n        8.79845220e-01, 8.06875672e-02],\n       [1.13837462e-02, 9.65412364e-01, 2.32038899e-02, 1.13837462e-02,\n        9.65412364e-01, 2.32038899e-02],\n       [6.43546943e-03, 6.79100631e-01, 3.14463900e-01, 6.43546943e-03,\n        6.79100631e-01, 3.14463900e-01],\n       [1.10412101e-01, 8.54250823e-01, 3.53370764e-02, 1.10412101e-01,\n        8.54250823e-01, 3.53370764e-02],\n       [7.62736415e-03, 8.54799603e-01, 1.37573033e-01, 7.62736415e-03,\n        8.54799603e-01, 1.37573033e-01],\n       [1.92076285e-02, 6.11833220e-01, 3.68959151e-01, 1.92076285e-02,\n        6.11833220e-01, 3.68959151e-01],\n       [7.69509929e-02, 8.84233388e-01, 3.88156194e-02, 7.69509929e-02,\n        8.84233388e-01, 3.88156194e-02],\n       [1.66563010e-03, 7.60278481e-01, 2.38055889e-01, 1.66563010e-03,\n        7.60278481e-01, 2.38055889e-01],\n       [4.04682202e-02, 9.24038143e-01, 3.54936370e-02, 4.04682202e-02,\n        9.24038143e-01, 3.54936370e-02],\n       [3.64502570e-03, 2.76521473e-01, 7.19833501e-01, 3.64502570e-03,\n        2.76521473e-01, 7.19833501e-01],\n       [3.76672939e-02, 9.34480846e-01, 2.78518605e-02, 3.76672939e-02,\n        9.34480846e-01, 2.78518605e-02],\n       [1.48707388e-02, 9.62284023e-01, 2.28452385e-02, 1.48707388e-02,\n        9.62284023e-01, 2.28452385e-02],\n       [1.32562092e-02, 7.85953675e-01, 2.00790115e-01, 1.32562092e-02,\n        7.85953675e-01, 2.00790115e-01],\n       [1.52584491e-02, 8.83003363e-01, 1.01738188e-01, 1.52584491e-02,\n        8.83003363e-01, 1.01738188e-01],\n       [7.17414402e-03, 8.49622610e-01, 1.43203246e-01, 7.17414402e-03,\n        8.49622610e-01, 1.43203246e-01],\n       [1.61173841e-03, 7.46326747e-01, 2.52061514e-01, 1.61173841e-03,\n        7.46326747e-01, 2.52061514e-01],\n       [7.78611473e-04, 3.90016395e-01, 6.09204993e-01, 7.78611473e-04,\n        3.90016395e-01, 6.09204993e-01],\n       [1.27865103e-02, 6.77490046e-01, 3.09723444e-01, 1.27865103e-02,\n        6.77490046e-01, 3.09723444e-01],\n       [8.73258787e-02, 9.02842039e-01, 9.83208244e-03, 8.73258787e-02,\n        9.02842039e-01, 9.83208244e-03],\n       [4.47700931e-02, 9.25468510e-01, 2.97613970e-02, 4.47700931e-02,\n        9.25468510e-01, 2.97613970e-02],\n       [5.87395009e-02, 9.23991358e-01, 1.72691410e-02, 5.87395009e-02,\n        9.23991358e-01, 1.72691410e-02],\n       [3.97942175e-02, 9.16075339e-01, 4.41304435e-02, 3.97942175e-02,\n        9.16075339e-01, 4.41304435e-02],\n       [9.64829842e-04, 3.13500853e-01, 6.85534317e-01, 9.64829842e-04,\n        3.13500853e-01, 6.85534317e-01],\n       [2.78063279e-02, 5.68767708e-01, 4.03425964e-01, 2.78063279e-02,\n        5.68767708e-01, 4.03425964e-01],\n       [4.55594542e-02, 8.04838662e-01, 1.49601883e-01, 4.55594542e-02,\n        8.04838662e-01, 1.49601883e-01],\n       [3.46486470e-03, 6.95262286e-01, 3.01272849e-01, 3.46486470e-03,\n        6.95262286e-01, 3.01272849e-01],\n       [3.03174303e-03, 8.85149625e-01, 1.11818632e-01, 3.03174303e-03,\n        8.85149625e-01, 1.11818632e-01],\n       [6.88798569e-02, 8.22359107e-01, 1.08761037e-01, 6.88798569e-02,\n        8.22359107e-01, 1.08761037e-01],\n       [3.06318648e-02, 8.82997886e-01, 8.63702487e-02, 3.06318648e-02,\n        8.82997886e-01, 8.63702487e-02],\n       [2.16222684e-02, 8.29914800e-01, 1.48462932e-01, 2.16222684e-02,\n        8.29914800e-01, 1.48462932e-01],\n       [9.82666969e-03, 7.17352424e-01, 2.72820907e-01, 9.82666969e-03,\n        7.17352424e-01, 2.72820907e-01],\n       [2.78108457e-02, 9.18139020e-01, 5.40501343e-02, 2.78108457e-02,\n        9.18139020e-01, 5.40501343e-02],\n       [3.25721887e-01, 6.48862399e-01, 2.54157146e-02, 3.25721887e-01,\n        6.48862399e-01, 2.54157146e-02],\n       [2.81542711e-02, 8.44970488e-01, 1.26875241e-01, 2.81542711e-02,\n        8.44970488e-01, 1.26875241e-01],\n       [5.19237974e-02, 8.54104566e-01, 9.39716370e-02, 5.19237974e-02,\n        8.54104566e-01, 9.39716370e-02],\n       [3.66142579e-02, 8.39695728e-01, 1.23690014e-01, 3.66142579e-02,\n        8.39695728e-01, 1.23690014e-01],\n       [1.47641405e-02, 8.73603750e-01, 1.11632109e-01, 1.47641405e-02,\n        8.73603750e-01, 1.11632109e-01],\n       [2.57667936e-01, 7.35125819e-01, 7.20624498e-03, 2.57667936e-01,\n        7.35125819e-01, 7.20624498e-03],\n       [3.55619577e-02, 8.65263710e-01, 9.91743326e-02, 3.55619577e-02,\n        8.65263710e-01, 9.91743326e-02],\n       [5.39231797e-04, 1.93183170e-01, 8.06277598e-01, 5.39231797e-04,\n        1.93183170e-01, 8.06277598e-01],\n       [3.90203077e-04, 1.31733211e-01, 8.67876586e-01, 3.90203077e-04,\n        1.31733211e-01, 8.67876586e-01],\n       [5.07243783e-06, 3.09697181e-02, 9.69025209e-01, 5.07243783e-06,\n        3.09697181e-02, 9.69025209e-01],\n       [9.09547851e-05, 8.51826950e-02, 9.14726350e-01, 9.09547851e-05,\n        8.51826950e-02, 9.14726350e-01],\n       [9.03012918e-06, 1.81039286e-02, 9.81887041e-01, 9.03012918e-06,\n        1.81039286e-02, 9.81887041e-01],\n       [1.12502553e-06, 2.55860813e-03, 9.97440267e-01, 1.12502553e-06,\n        2.55860813e-03, 9.97440267e-01],\n       [5.49016668e-02, 7.06562174e-01, 2.38536160e-01, 5.49016668e-02,\n        7.06562174e-01, 2.38536160e-01],\n       [2.87450918e-06, 3.88329313e-02, 9.61164194e-01, 2.87450918e-06,\n        3.88329313e-02, 9.61164194e-01],\n       [1.44167290e-05, 8.16093297e-02, 9.18376254e-01, 1.44167290e-05,\n        8.16093297e-02, 9.18376254e-01],\n       [3.98533979e-06, 1.86285788e-03, 9.98133157e-01, 3.98533979e-06,\n        1.86285788e-03, 9.98133157e-01],\n       [3.49834145e-04, 1.38576735e-01, 8.61073431e-01, 3.49834145e-04,\n        1.38576735e-01, 8.61073431e-01],\n       [1.09775611e-04, 1.30799659e-01, 8.69090565e-01, 1.09775611e-04,\n        1.30799659e-01, 8.69090565e-01],\n       [2.51107282e-03, 3.53898646e-01, 6.43590281e-01, 2.51107282e-03,\n        3.53898646e-01, 6.43590281e-01],\n       [2.79815704e-04, 1.19234419e-01, 8.80485766e-01, 2.79815704e-04,\n        1.19234419e-01, 8.80485766e-01],\n       [5.90803412e-05, 2.91290762e-02, 9.70811844e-01, 5.90803412e-05,\n        2.91290762e-02, 9.70811844e-01],\n       [5.39080828e-05, 3.54265157e-02, 9.64519576e-01, 5.39080828e-05,\n        3.54265157e-02, 9.64519576e-01],\n       [1.45782415e-04, 1.14395337e-01, 8.85458880e-01, 1.45782415e-04,\n        1.14395337e-01, 8.85458880e-01],\n       [4.34595245e-07, 4.82063033e-03, 9.95178935e-01, 4.34595245e-07,\n        4.82063033e-03, 9.95178935e-01],\n       [1.40159747e-08, 3.10283941e-03, 9.96897147e-01, 1.40159747e-08,\n        3.10283941e-03, 9.96897147e-01],\n       [6.57549917e-04, 4.73562997e-01, 5.25779453e-01, 6.57549917e-04,\n        4.73562997e-01, 5.25779453e-01],\n       [4.33837275e-03, 6.07501612e-01, 3.88160015e-01, 4.33837275e-03,\n        6.07501612e-01, 3.88160015e-01],\n       [7.72339796e-04, 1.26677126e-01, 8.72550534e-01, 7.72339796e-04,\n        1.26677126e-01, 8.72550534e-01],\n       [1.59814734e-07, 1.18657259e-02, 9.88134114e-01, 1.59814734e-07,\n        1.18657259e-02, 9.88134114e-01],\n       [6.57841989e-04, 3.20028186e-01, 6.79313972e-01, 6.57841989e-04,\n        3.20028186e-01, 6.79313972e-01],\n       [5.85519296e-05, 1.74296967e-02, 9.82511751e-01, 5.85519296e-05,\n        1.74296967e-02, 9.82511751e-01],\n       [1.66316881e-05, 6.34740881e-02, 9.36509280e-01, 1.66316881e-05,\n        6.34740881e-02, 9.36509280e-01],\n       [1.20940548e-03, 3.47310263e-01, 6.51480332e-01, 1.20940548e-03,\n        3.47310263e-01, 6.51480332e-01],\n       [1.46085233e-03, 2.72463425e-01, 7.26075722e-01, 1.46085233e-03,\n        2.72463425e-01, 7.26075722e-01],\n       [1.96184354e-05, 3.80492397e-02, 9.61931142e-01, 1.96184354e-05,\n        3.80492397e-02, 9.61931142e-01],\n       [1.92885483e-04, 7.03811125e-02, 9.29426002e-01, 1.92885483e-04,\n        7.03811125e-02, 9.29426002e-01],\n       [4.85545006e-06, 4.52323844e-02, 9.54762760e-01, 4.85545006e-06,\n        4.52323844e-02, 9.54762760e-01],\n       [6.71174299e-07, 2.47453840e-02, 9.75253945e-01, 6.71174299e-07,\n        2.47453840e-02, 9.75253945e-01],\n       [6.36362102e-04, 4.19194188e-01, 5.80169450e-01, 6.36362102e-04,\n        4.19194188e-01, 5.80169450e-01],\n       [1.15215845e-03, 4.32168286e-01, 5.66679556e-01, 1.15215845e-03,\n        4.32168286e-01, 5.66679556e-01],\n       [2.95073764e-04, 2.37890598e-01, 7.61814328e-01, 2.95073764e-04,\n        2.37890598e-01, 7.61814328e-01],\n       [6.03137379e-07, 1.64728347e-02, 9.83526562e-01, 6.03137379e-07,\n        1.64728347e-02, 9.83526562e-01],\n       [1.81293931e-05, 1.18691141e-02, 9.88112756e-01, 1.81293931e-05,\n        1.18691141e-02, 9.88112756e-01],\n       [1.91280979e-02, 8.29749310e-01, 1.51122592e-01, 1.91280979e-02,\n        8.29749310e-01, 1.51122592e-01],\n       [2.22287863e-03, 3.03079173e-01, 6.94697948e-01, 2.22287863e-03,\n        3.03079173e-01, 6.94697948e-01],\n       [4.09633843e-03, 3.99381305e-01, 5.96522356e-01, 4.09633843e-03,\n        3.99381305e-01, 5.96522356e-01],\n       [7.31616028e-06, 1.71581132e-02, 9.82834571e-01, 7.31616028e-06,\n        1.71581132e-02, 9.82834571e-01],\n       [5.49759176e-05, 7.92709615e-02, 9.20674063e-01, 5.49759176e-05,\n        7.92709615e-02, 9.20674063e-01],\n       [3.90203077e-04, 1.31733211e-01, 8.67876586e-01, 3.90203077e-04,\n        1.31733211e-01, 8.67876586e-01],\n       [4.04599660e-06, 1.26847771e-02, 9.87311177e-01, 4.04599660e-06,\n        1.26847771e-02, 9.87311177e-01],\n       [1.05164219e-02, 2.61152384e-01, 7.28331194e-01, 1.05164219e-02,\n        2.61152384e-01, 7.28331194e-01],\n       [4.57898649e-05, 5.61167815e-02, 9.43837429e-01, 4.57898649e-05,\n        5.61167815e-02, 9.43837429e-01],\n       [2.28625779e-04, 2.24154076e-01, 7.75617299e-01, 2.28625779e-04,\n        2.24154076e-01, 7.75617299e-01],\n       [1.88494273e-04, 1.17877767e-01, 8.81933738e-01, 1.88494273e-04,\n        1.17877767e-01, 8.81933738e-01],\n       [6.44253401e-05, 2.34635768e-02, 9.76471998e-01, 6.44253401e-05,\n        2.34635768e-02, 9.76471998e-01],\n       [9.26554152e-04, 1.71444177e-01, 8.27629269e-01, 9.26554152e-04,\n        1.71444177e-01, 8.27629269e-01]])"}, "name": "_transform"}
