{"types": {}, "values": {"inputs": {"self": {}, "args": {"gamma": "array([0.])"}, "kwargs": {}}, "return": "array([[ 3.27200647,  2.6232546 ,  2.90340527,  1.61543902, -0.01777951],\n       [ 2.6232546 ,  5.97953037, -0.36212541,  0.59071228,  0.81908318],\n       [ 2.90340527, -0.36212541,  4.4428449 ,  1.92226327, -0.59403602],\n       [ 1.61543902,  0.59071228,  1.92226327,  0.92557701, -0.16021408],\n       [-0.01777951,  0.81908318, -0.59403602, -0.16021408,  0.17924526]])"}, "name": "f"}
{"types": {}, "values": {"inputs": {"self": {}, "args": {"gamma": "array([1.e-10])"}, "kwargs": {}}, "return": "array([[ 3.27200647,  2.6232546 ,  2.90340527,  1.61543902, -0.01777951],\n       [ 2.6232546 ,  5.97953037, -0.36212541,  0.59071228,  0.81908318],\n       [ 2.90340527, -0.36212541,  4.4428449 ,  1.92226327, -0.59403602],\n       [ 1.61543902,  0.59071228,  1.92226327,  0.92557701, -0.16021408],\n       [-0.01777951,  0.81908318, -0.59403602, -0.16021408,  0.17924526]])"}, "name": "f"}
{"types": {}, "values": {"inputs": {"self": {}, "args": {"gamma": "array([0.])"}, "kwargs": {}}, "return": "array([[7.79642859e+01, 4.75659920e+01, 5.94745180e+01, 1.78909663e+01,\n        9.47604190e-01],\n       [4.75659920e+01, 3.39999755e+02, 2.59540957e-01, 4.02508359e+00,\n        6.01946196e+00],\n       [5.94745180e+01, 2.59540957e-01, 1.61241889e+02, 2.49550254e+01,\n        6.69056030e-02],\n       [1.78909663e+01, 4.02508359e+00, 2.49550254e+01, 7.13974455e+00,\n        5.92250954e-01],\n       [9.47604190e-01, 6.01946196e+00, 6.69056030e-02, 5.92250954e-01,\n        1.63988132e+00]])"}, "name": "f"}
{"types": {}, "values": {"inputs": {"self": {}, "args": {"gamma": "array([1.e-10])"}, "kwargs": {}}, "return": "array([[7.79642859e+01, 4.75659920e+01, 5.94745180e+01, 1.78909663e+01,\n        9.47604190e-01],\n       [4.75659920e+01, 3.39999755e+02, 2.59540957e-01, 4.02508359e+00,\n        6.01946196e+00],\n       [5.94745180e+01, 2.59540957e-01, 1.61241889e+02, 2.49550255e+01,\n        6.69056030e-02],\n       [1.78909663e+01, 4.02508359e+00, 2.49550255e+01, 7.13974455e+00,\n        5.92250954e-01],\n       [9.47604190e-01, 6.01946196e+00, 6.69056030e-02, 5.92250954e-01,\n        1.63988132e+00]])"}, "name": "f"}
{"types": {}, "values": {"inputs": {"self": {}, "args": {"gamma": "array([0.])"}, "kwargs": {}}, "return": "array([[7.79642859e+01, 4.75659920e+01, 5.94745180e+01, 1.78909663e+01,\n        9.47604190e-01],\n       [4.75659920e+01, 3.39999755e+02, 2.59540957e-01, 4.02508359e+00,\n        6.01946196e+00],\n       [5.94745180e+01, 2.59540957e-01, 1.61241889e+02, 2.49550254e+01,\n        6.69056030e-02],\n       [1.78909663e+01, 4.02508359e+00, 2.49550254e+01, 7.13974455e+00,\n        5.92250954e-01],\n       [9.47604190e-01, 6.01946196e+00, 6.69056030e-02, 5.92250954e-01,\n        1.63988132e+00]])"}, "name": "f"}
