{"types": {}, "values": {"inputs": {"self": {}, "args": {"X": "array([[0.        , 0.17790533, 0.12279482, ..., 0.44686107, 0.49914628,\n        0.41099257],\n       [0.17790533, 0.        , 0.29679591, ..., 0.58298848, 0.6574782 ,\n        0.56264574],\n       [0.12279482, 0.29679591, 0.        , ..., 0.34350002, 0.38029149,\n        0.29729844],\n       ...,\n       [0.44686107, 0.58298848, 0.34350002, ..., 0.        , 0.13753425,\n        0.07913365],\n       [0.49914628, 0.6574782 , 0.38029149, ..., 0.13753425, 0.        ,\n        0.10023682],\n       [0.41099257, 0.56264574, 0.29729844, ..., 0.07913365, 0.10023682,\n        0.        ]], shape=(60, 60))"}, "kwargs": {}}, "return": "array([[0.        , 0.17790533, 0.12279482, ..., 0.44686107, 0.49914628,\n        0.41099257],\n       [0.17790533, 0.        , 0.29679591, ..., 0.58298848, 0.6574782 ,\n        0.56264574],\n       [0.12279482, 0.29679591, 0.        , ..., 0.34350002, 0.38029149,\n        0.29729844],\n       ...,\n       [0.44686107, 0.58298848, 0.34350002, ..., 0.        , 0.13753425,\n        0.07913365],\n       [0.49914628, 0.6574782 , 0.38029149, ..., 0.13753425, 0.        ,\n        0.10023682],\n       [0.41099257, 0.56264574, 0.29729844, ..., 0.07913365, 0.10023682,\n        0.        ]], shape=(60, 60))"}, "name": "_check_precomputed"}
{"types": {}, "values": {"inputs": {"self": {}, "args": {"X": "array([[0.        , 0.17790533, 0.12279482, ..., 0.44686107, 0.49914628,\n        0.41099257],\n       [0.17790533, 0.        , 0.29679591, ..., 0.58298848, 0.6574782 ,\n        0.56264574],\n       [0.12279482, 0.29679591, 0.        , ..., 0.34350002, 0.38029149,\n        0.29729844],\n       ...,\n       [0.44686107, 0.58298848, 0.34350002, ..., 0.        , 0.13753425,\n        0.07913365],\n       [0.49914628, 0.6574782 , 0.38029149, ..., 0.13753425, 0.        ,\n        0.10023682],\n       [0.41099257, 0.56264574, 0.29729844, ..., 0.07913365, 0.10023682,\n        0.        ]], shape=(60, 60))"}, "kwargs": {}}, "return": "array([[0.        , 0.17790533, 0.12279482, ..., 0.44686107, 0.49914628,\n        0.41099257],\n       [0.17790533, 0.        , 0.29679591, ..., 0.58298848, 0.6574782 ,\n        0.56264574],\n       [0.12279482, 0.29679591, 0.        , ..., 0.34350002, 0.38029149,\n        0.29729844],\n       ...,\n       [0.44686107, 0.58298848, 0.34350002, ..., 0.        , 0.13753425,\n        0.07913365],\n       [0.49914628, 0.6574782 , 0.38029149, ..., 0.13753425, 0.        ,\n        0.10023682],\n       [0.41099257, 0.56264574, 0.29729844, ..., 0.07913365, 0.10023682,\n        0.        ]], shape=(60, 60))"}, "name": "_check_precomputed"}
{"types": {}, "values": {"inputs": {"self": {}, "args": {"X": "array([[0.        , 0.17790533, 0.12279482, ..., 0.44686107, 0.49914628,\n        0.41099257],\n       [0.17790533, 0.        , 0.29679591, ..., 0.58298848, 0.6574782 ,\n        0.56264574],\n       [0.12279482, 0.29679591, 0.        , ..., 0.34350002, 0.38029149,\n        0.29729844],\n       ...,\n       [0.44686107, 0.58298848, 0.34350002, ..., 0.        , 0.13753425,\n        0.07913365],\n       [0.49914628, 0.6574782 , 0.38029149, ..., 0.13753425, 0.        ,\n        0.10023682],\n       [0.41099257, 0.56264574, 0.29729844, ..., 0.07913365, 0.10023682,\n        0.        ]], shape=(60, 60))"}, "kwargs": {}}, "return": "array([[0.        , 0.17790533, 0.12279482, ..., 0.44686107, 0.49914628,\n        0.41099257],\n       [0.17790533, 0.        , 0.29679591, ..., 0.58298848, 0.6574782 ,\n        0.56264574],\n       [0.12279482, 0.29679591, 0.        , ..., 0.34350002, 0.38029149,\n        0.29729844],\n       ...,\n       [0.44686107, 0.58298848, 0.34350002, ..., 0.        , 0.13753425,\n        0.07913365],\n       [0.49914628, 0.6574782 , 0.38029149, ..., 0.13753425, 0.        ,\n        0.10023682],\n       [0.41099257, 0.56264574, 0.29729844, ..., 0.07913365, 0.10023682,\n        0.        ]], shape=(60, 60))"}, "name": "_check_precomputed"}
{"types": {}, "values": {"inputs": {"self": {}, "args": {"X": "array([[0.        , 0.17790533, 0.12279482, ..., 0.44686107, 0.49914628,\n        0.41099257],\n       [0.17790533, 0.        , 0.29679591, ..., 0.58298848, 0.6574782 ,\n        0.56264574],\n       [0.12279482, 0.29679591, 0.        , ..., 0.34350002, 0.38029149,\n        0.29729844],\n       ...,\n       [0.44686107, 0.58298848, 0.34350002, ..., 0.        , 0.13753425,\n        0.07913365],\n       [0.49914628, 0.6574782 , 0.38029149, ..., 0.13753425, 0.        ,\n        0.10023682],\n       [0.41099257, 0.56264574, 0.29729844, ..., 0.07913365, 0.10023682,\n        0.        ]], shape=(60, 60))"}, "kwargs": {}}, "return": "array([[0.        , 0.17790533, 0.12279482, ..., 0.44686107, 0.49914628,\n        0.41099257],\n       [0.17790533, 0.        , 0.29679591, ..., 0.58298848, 0.6574782 ,\n        0.56264574],\n       [0.12279482, 0.29679591, 0.        , ..., 0.34350002, 0.38029149,\n        0.29729844],\n       ...,\n       [0.44686107, 0.58298848, 0.34350002, ..., 0.        , 0.13753425,\n        0.07913365],\n       [0.49914628, 0.6574782 , 0.38029149, ..., 0.13753425, 0.        ,\n        0.10023682],\n       [0.41099257, 0.56264574, 0.29729844, ..., 0.07913365, 0.10023682,\n        0.        ]], shape=(60, 60))"}, "name": "_check_precomputed"}
{"types": {}, "values": {"inputs": {"self": {}, "args": {"X": "<Compressed Sparse Row sparse matrix of dtype 'float64'\n\twith 910 stored elements and shape (60, 60)>"}, "kwargs": {}}, "return": "<Compressed Sparse Row sparse matrix of dtype 'float64'\n\twith 910 stored elements and shape (60, 60)>"}, "name": "_check_precomputed"}
