{"types": {}, "values": {"inputs": {"self": {}, "args": {"X": "array([[-3.03895783e+00,  9.52755356e+00,  4.73695660e+00,\n         2.94181466e+00],\n       [-4.56496859e+00, -8.74737453e+00, -8.15206718e+00,\n         5.71080685e+00],\n       [-6.25395966e+00, -7.73726702e+00, -9.90922070e+00,\n         7.80599546e+00],\n       [ 2.70425320e+00,  3.85118484e+00, -9.26414394e+00,\n         9.26805401e+00],\n       [ 4.14445639e+00,  5.19391680e+00, -1.11076803e+01,\n         8.91396332e+00],\n       [ 1.55036843e+00,  5.25040197e+00, -9.52402973e+00,\n         8.32045269e+00],\n       [ 2.56939769e+00,  3.95925879e+00, -9.80599117e+00,\n         1.04969740e+01],\n       [ 1.01628280e+00,  2.94726300e+00, -8.43019962e+00,\n         1.01898594e+01],\n       [-6.86662531e+00, -5.42657566e+00, -9.10298443e+00,\n         1.00436916e+01],\n       [-2.16557932e+00,  7.25124598e+00,  4.96396303e+00,\n         1.58808744e+00],\n       [ 1.43293548e+00,  5.01105356e+00, -9.23129463e+00,\n         8.70528698e+00],\n       [-7.94193077e+00, -6.40651703e+00, -9.75775242e+00,\n         8.87345695e+00],\n       [ 1.30699658e+00,  4.84104919e+00, -1.03186769e+01,\n         9.61465549e+00],\n       [-1.69667184e+00,  1.03705263e+01,  4.56786871e+00,\n         2.97670269e+00],\n       [ 2.11929631e+00,  4.75660849e+00, -1.04065304e+01,\n         1.14905844e+01],\n       [-6.66553354e+00, -8.12584877e+00, -8.66514683e+00,\n         7.70884037e+00],\n       [-3.18611956e+00,  9.62596226e+00,  5.67087841e+00,\n         2.90444970e+00],\n       [ 4.15533352e+00,  2.20936370e+00, -9.74009514e+00,\n         9.98651409e+00],\n       [-7.12501526e+00, -7.63384581e+00, -9.72784233e+00,\n         6.50771284e+00],\n       [-3.92456841e+00,  8.59364128e+00,  4.29716444e+00,\n         1.17089236e+00],\n       [ 1.09536982e+00,  4.10192633e+00, -1.28295774e+01,\n         8.37380981e+00],\n       [-7.66288042e+00, -7.20217133e+00, -8.02481079e+00,\n         6.09265852e+00],\n       [-6.65216732e+00, -5.57296705e+00, -1.04458113e+01,\n         7.50815678e+00],\n       [ 1.22977948e+00,  4.04671526e+00, -9.08332253e+00,\n         1.02639523e+01],\n       [-6.52183962e+00, -6.31932497e+00, -7.75527668e+00,\n         8.37732506e+00],\n       [ 8.22003841e-01,  3.82695031e+00, -1.00632553e+01,\n         8.74486828e+00],\n       [-6.36457968e+00, -3.02737808e+00, -8.26743698e+00,\n         8.45908833e+00],\n       [-3.31769133e+00,  8.51252937e+00,  5.55528116e+00,\n         2.30192089e+00],\n       [ 3.78775454e+00,  4.56643343e+00, -1.08491945e+01,\n         1.03160591e+01],\n       [-6.29276991e+00, -4.68965387e+00, -9.82886410e+00,\n         6.75722504e+00],\n       [-6.91433907e+00, -8.04878807e+00, -7.69550514e+00,\n         8.07545567e+00],\n       [ 2.13581753e+00,  4.82358217e+00, -8.00229359e+00,\n         8.16038132e+00],\n       [ 3.28921127e+00,  3.45378208e+00, -9.14449024e+00,\n         1.01728315e+01],\n       [-3.52202868e+00,  9.32853317e+00,  3.73185468e+00,\n         5.60865998e-01],\n       [ 2.92190003e+00,  4.46875095e+00, -8.77544785e+00,\n         1.00278263e+01],\n       [-2.25164723e+00,  8.93984032e+00,  2.72110772e+00,\n         1.94665575e+00],\n       [-3.98771954e+00,  8.29444218e+00,  4.17924023e+00,\n         3.03029180e+00],\n       [ 3.18546391e+00,  4.17168474e+00, -1.05698185e+01,\n         9.86030006e+00],\n       [-5.92562532e+00, -6.22871828e+00, -9.15359688e+00,\n         8.08249187e+00],\n       [-6.77997589e+00, -7.38358545e+00, -1.03889914e+01,\n         7.39208603e+00],\n       [-3.10983634e+00,  8.72259235e+00,  4.03817225e+00,\n         3.82544780e+00],\n       [-6.35768557e+00, -6.58312511e+00, -8.58783531e+00,\n         7.66997099e+00],\n       [-1.04354882e+00,  8.78850937e+00,  4.70740700e+00,\n         5.48421502e-01],\n       [-2.67048335e+00,  9.41833687e+00,  6.52606487e+00,\n         2.14774752e+00],\n       [ 1.76973212e+00,  2.91366839e+00, -7.95589876e+00,\n         7.96805573e+00],\n       [ 1.58225572e+00,  4.29219198e+00, -8.14703655e+00,\n         7.96233511e+00],\n       [-3.21125078e+00,  8.68662357e+00,  4.24777079e+00,\n         5.09654760e-01],\n       [-2.97867203e+00,  9.55684662e+00,  4.17646122e+00,\n         1.50743997e+00],\n       [-7.10308981e+00, -6.16610909e+00, -8.36509037e+00,\n         7.25069380e+00],\n       [-7.76348448e+00, -6.72638464e+00, -8.78011894e+00,\n         6.18055248e+00],\n       [-2.30033398e+00,  7.05461597e+00,  3.31169271e+00,\n         2.17003083e+00],\n       [-2.72886944e+00,  9.37139893e+00,  6.11777306e+00,\n         1.45489943e+00],\n       [-5.01385260e+00, -6.40627670e+00, -1.00296316e+01,\n         7.98007631e+00],\n       [-7.55965185e+00, -6.64785576e+00, -8.54525566e+00,\n         6.60917139e+00],\n       [-6.08859539e+00, -7.78949690e+00, -7.43553352e+00,\n         5.92167187e+00],\n       [ 2.30329204e+00,  3.53875208e+00, -9.79643250e+00,\n         8.90519619e+00],\n       [-2.26723528e+00,  7.10100603e+00,  2.91496110e+00,\n         1.41088212e+00],\n       [-2.44896746e+00,  1.14775286e+01,  4.44751787e+00,\n         2.27471709e+00],\n       [-8.25729656e+00, -7.81793451e+00, -8.32329273e+00,\n         7.83730888e+00],\n       [ 2.22135997e+00,  3.56123471e+00, -9.51850796e+00,\n         9.01288319e+00],\n       [ 2.00139856e+00,  4.27877903e+00, -8.31064510e+00,\n         8.80662537e+00],\n       [-5.91625118e+00, -6.46732855e+00, -8.01626778e+00,\n         9.22031593e+00],\n       [-3.34841514e+00,  8.70507336e+00,  4.97114229e+00,\n         2.94871473e+00],\n       [-7.72642088e+00, -8.39495659e+00, -9.28484249e+00,\n         8.17992210e+00],\n       [-2.52269483e+00,  7.95657539e+00,  5.46242380e+00,\n         7.52326012e-01],\n       [-2.54502368e+00,  1.05789299e+01,  2.02013373e+00,\n         2.79507208e+00],\n       [ 1.19330525e+00,  3.60127044e+00, -8.84101677e+00,\n         1.00085669e+01],\n       [-1.77073109e+00,  9.18565464e+00,  4.52423048e+00,\n         1.67206597e+00],\n       [-2.42215061e+00,  8.71527863e+00,  4.73163939e+00,\n        -1.43992305e-02],\n       [-6.61974430e+00, -6.09828663e+00, -1.00752783e+01,\n         6.00306654e+00],\n       [-3.05358028e+00,  9.12520885e+00,  3.48888516e+00,\n         2.34886765e+00],\n       [-2.98837185e+00,  8.82862759e+00,  3.53354383e+00,\n         7.76963055e-01],\n       [ 2.84771657e+00,  4.97496128e+00, -8.28283119e+00,\n         9.41920090e+00],\n       [-2.84235179e-03,  4.34790564e+00, -1.02500963e+01,\n         1.02506304e+01],\n       [-6.95672894e+00, -6.53895760e+00, -8.56163692e+00,\n         8.15070629e+00],\n       [-7.65245247e+00, -7.11692810e+00, -9.32369137e+00,\n         7.40539694e+00],\n       [-7.85430908e+00, -6.09302521e+00, -7.67973232e+00,\n         6.50284052e+00],\n       [ 2.06787205e+00,  3.50985122e+00, -7.44436598e+00,\n         1.00321159e+01],\n       [-2.14756155e+00,  8.36916637e+00,  5.00127459e+00,\n         3.51120615e+00],\n       [-2.21307731e+00,  9.27534103e+00,  4.64499235e+00,\n         1.73858249e+00]], dtype=float32)", "XX": null, "Y": "array([[ -2.7892365,   9.185135 ,   5.0839005,   2.9308014],\n       [ -5.326782 ,  -8.2684355,  -7.7938004,   5.8162394],\n       [ -6.895387 ,  -7.599495 ,  -9.602979 ,   7.364006 ],\n       [  1.76303  ,   4.268661 ,  -9.673763 ,   8.938771 ],\n       [  3.7058916,   4.644012 , -10.842232 ,   9.6967745],\n       [  2.5368648,   4.3948727,  -9.662657 ,  10.671795 ],\n       [  0.8591313,   3.7357888,  -9.151159 ,  10.178252 ],\n       [ -7.404278 ,  -5.9165463,  -9.430368 ,   9.458574 ],\n       [ -2.0384934,   8.177902 ,   4.966358 ,   0.7186089],\n       [  3.7222724,   2.831573 ,  -9.442293 ,  10.079673 ],\n       [ -3.3249786,   8.998855 ,   3.997359 ,   0.9051633],\n       [  1.0953698,   4.1019263, -12.829577 ,   8.37381  ],\n       [ -7.7100816,  -6.6673594,  -8.25748  ,   6.3463054],\n       [ -6.2901874,  -5.497113 ,  -9.809424 ,   7.449291 ],\n       [ -6.6283226,  -6.6872725,  -8.163603 ,   8.124079 ],\n       [ -6.3645797,  -3.027378 ,  -8.267437 ,   8.459088 ],\n       [  2.0673842,   4.256636 ,  -8.139742 ,   8.463321 ],\n       [ -2.2730722,   7.6984878,   2.9825873,   1.842523 ],\n       [ -3.3837123,   8.714081 ,   3.9020994,   3.0682025],\n       [ -2.6996765,   9.394868 ,   6.321919 ,   1.8013234],\n       [ -5.0138526,  -6.4062767, -10.029632 ,   7.9800763],\n       [ -2.4489675,  11.477529 ,   4.447518 ,   2.274717 ],\n       [ -7.9918585,  -8.106445 ,  -8.804068 ,   8.0086155],\n       [ -2.5450237,  10.57893  ,   2.0201337,   2.795072 ],\n       [ -1.9919043,   9.230497 ,   4.5846114,   1.7053242],\n       [ -6.6197443,  -6.0982866, -10.075278 ,   6.0030665],\n       [  2.067872 ,   3.5098512,  -7.444366 ,  10.032116 ]],\n      dtype=float32)", "YY": null, "batch_size": null}, "kwargs": {}}, "return": "array([[3.0010259e-01, 4.8721356e+02, 5.3339734e+02, ..., 2.7366815e+00,\n        4.8576248e+02, 2.6094943e+02],\n       [5.0764740e+02, 9.4921380e-01, 1.1586690e+01, ..., 5.0809140e+02,\n        1.5023927e+01, 2.1340871e+02],\n       [5.4693317e+02, 9.5759306e+00, 7.1954924e-01, ..., 5.5335950e+02,\n        6.0981832e+00, 2.0678168e+02],\n       ...,\n       [2.6318646e+02, 2.1130467e+02, 2.1553601e+02, ..., 2.6323935e+02,\n        1.9094592e+02, 0.0000000e+00],\n       [1.4212481e+00, 4.5594437e+02, 5.0566827e+02, ..., 4.2009382e+00,\n        4.6281943e+02, 2.3879906e+02],\n       [1.9541229e+00, 4.8883011e+02, 5.4133417e+02, ..., 5.5680446e-02,\n        4.9063934e+02, 2.6650269e+02]], shape=(80, 27), dtype=float32)"}, "name": "_euclidean_distances_upcast"}
{"types": {}, "values": {"inputs": {"self": {}, "args": {"X": "array([[-2.6192791, -1.5053215],\n       [-2.9993038, -1.6863596],\n       [-2.3724914, -1.3438171],\n       [-2.336792 , -1.3417323],\n       [-2.4089134, -1.3290224],\n       [-3.364009 , -1.8846745]], dtype=float32)", "XX": null, "Y": "array([[-2.6192791, -1.5053215],\n       [-2.9993038, -1.6863596],\n       [-2.3724914, -1.3438171],\n       [-2.336792 , -1.3417323],\n       [-2.4089134, -1.3290224],\n       [-3.364009 , -1.8846745]], dtype=float32)", "YY": null, "batch_size": null}, "kwargs": {}}, "return": "array([[0.0000000e+00, 1.7719355e-01, 8.6987875e-02, 1.0656043e-01,\n        7.5335130e-02, 6.9853115e-01],\n       [1.7719355e-01, 0.0000000e+00, 5.1022923e-01, 5.5768996e-01,\n        4.7625077e-01, 1.7233860e-01],\n       [8.6987875e-02, 5.1022923e-01, 0.0000000e+00, 1.2787915e-03,\n        1.5454465e-03, 1.2756338e+00],\n       [1.0656043e-01, 5.5768996e-01, 1.2787915e-03, 0.0000000e+00,\n        5.3630341e-03, 1.3499609e+00],\n       [7.5335130e-02, 4.7625077e-01, 1.5454465e-03, 5.3630341e-03,\n        0.0000000e+00, 1.2209568e+00],\n       [6.9853115e-01, 1.7233860e-01, 1.2756338e+00, 1.3499609e+00,\n        1.2209568e+00, 0.0000000e+00]], dtype=float32)"}, "name": "_euclidean_distances_upcast"}
{"types": {}, "values": {"inputs": {"self": {}, "args": {"X": "array([[-2.6192791, -1.5053215],\n       [-2.3724914, -1.3438171],\n       [-2.336792 , -1.3417323],\n       [-2.4089134, -1.3290224],\n       [-2.617677 , -1.5003285],\n       [-2.2960556, -1.3260119]], dtype=float32)", "XX": null, "Y": "array([[-2.6192791, -1.5053215],\n       [-2.3724914, -1.3438171],\n       [-2.336792 , -1.3417323],\n       [-2.4089134, -1.3290224],\n       [-2.617677 , -1.5003285],\n       [-2.2960556, -1.3260119]], dtype=float32)", "YY": null, "batch_size": null}, "kwargs": {}}, "return": "array([[0.0000000e+00, 8.6987875e-02, 1.0656043e-01, 7.5335130e-02,\n        2.7496626e-05, 1.3662542e-01],\n       [8.6987875e-02, 0.0000000e+00, 1.2787915e-03, 1.5454465e-03,\n        8.4611811e-02, 6.1594578e-03],\n       [1.0656043e-01, 1.2787915e-03, 0.0000000e+00, 5.3630341e-03,\n        1.0404915e-01, 1.9065873e-03],\n       [7.5335130e-02, 1.5454465e-03, 5.3630341e-03, 0.0000000e+00,\n        7.2928034e-02, 1.2745950e-02],\n       [2.7496626e-05, 8.4611811e-02, 1.0404915e-01, 7.2928034e-02,\n        0.0000000e+00, 1.3382663e-01],\n       [1.3662542e-01, 6.1594578e-03, 1.9065873e-03, 1.2745950e-02,\n        1.3382663e-01, 0.0000000e+00]], dtype=float32)"}, "name": "_euclidean_distances_upcast"}
{"types": {}, "values": {"inputs": {"self": {}, "args": {"X": "array([[-0.5, -0.5],\n       [ 0.5,  0.5]], dtype=float32)", "XX": null, "Y": "array([[-0.5, -0.5],\n       [ 0.5,  0.5]], dtype=float32)", "YY": null, "batch_size": null}, "kwargs": {}}, "return": "array([[0., 2.],\n       [2., 0.]], dtype=float32)"}, "name": "_euclidean_distances_upcast"}
{"types": {}, "values": {"inputs": {"self": {}, "args": {"X": "array([[-0.375, -0.5  ],\n       [ 0.375,  0.5  ]], dtype=float32)", "XX": null, "Y": "array([[-0.375, -0.5  ],\n       [ 0.375,  0.5  ]], dtype=float32)", "YY": null, "batch_size": null}, "kwargs": {}}, "return": "array([[0.    , 1.5625],\n       [1.5625, 0.    ]], dtype=float32)"}, "name": "_euclidean_distances_upcast"}
