{"types": {}, "values": {"inputs": {"self": {"n_components": 4, "init": "random", "beta_loss": "frobenius", "tol": 0.0001, "max_iter": 1000, "random_state": 0, "alpha_W": 0.0, "alpha_H": "same", "l1_ratio": 0.0, "verbose": 0, "solver": "cd", "shuffle": false, "n_features_in_": 4, "_n_components": 4, "_beta_loss": 2, "reconstruction_err_": 0.0015910813877568842, "n_components_": 4, "components_": "array([[7.15366838e-01, 1.32555997e-08, 4.37526916e-01, 4.53427412e-01],\n       [8.58842841e-01, 4.43468047e-01, 4.40497476e-01, 0.00000000e+00],\n       [4.72299734e-02, 3.14385660e-01, 9.09068776e-02, 1.09933507e+00],\n       [1.34910565e+00, 4.26252743e-03, 0.00000000e+00, 6.97516912e-01]])", "n_iter_": 169}, "args": {"X": "array([[1.90297128e+00, 9.97743750e-02, 1.12959267e+00, 1.95286467e-01],\n       [1.27126558e-02, 2.12026550e+00, 1.17440358e-01, 2.36597012e-02],\n       [5.41802561e-02, 3.79526083e-03, 1.30054271e+00, 0.00000000e+00],\n       [7.35747925e-01, 2.74008761e-01, 1.24340207e-04, 0.00000000e+00],\n       [3.49285868e-01, 3.25805601e-01, 1.83345220e-01, 7.08456752e-01],\n       [5.09998161e-01, 1.45132203e+00, 2.23622417e-02, 6.97244996e-01]])"}, "kwargs": {}}, "return": "array([[1.76382576, 0.40020692, 0.97923926, 2.24087579],\n       [1.8675352 , 0.97729241, 0.95020986, 0.15137361],\n       [0.10344289, 0.41055505, 0.1436054 , 1.45429902],\n       [0.761666  , 0.12155323, 0.44262099, 0.33374497],\n       [1.49412573, 0.2051453 , 0.31300586, 0.85409418],\n       [2.55300664, 0.65361735, 0.8644745 , 0.74217092]])"}, "name": "inverse_transform"}
{"types": {}, "values": {"inputs": {"self": {"n_components": 4, "init": "random", "beta_loss": "frobenius", "tol": 0.0001, "max_iter": 1000, "random_state": 0, "alpha_W": 0.0, "alpha_H": "same", "l1_ratio": 0.0, "verbose": 0, "solver": "mu", "shuffle": false, "n_features_in_": 4, "_n_components": 4, "_beta_loss": 2, "reconstruction_err_": 0.0033015428847374094, "n_components_": 4, "components_": "array([[8.84207474e-01, 2.63187405e-09, 5.04162334e-01, 5.31049825e-01],\n       [1.45082529e+00, 8.72341970e-02, 2.06496999e-02, 3.18407778e-03],\n       [3.62978126e-04, 4.50406518e-01, 6.05631874e-02, 1.72519506e+00],\n       [2.68347596e-01, 6.06606091e-01, 6.48295566e-01, 2.02010046e-03]])", "n_iter_": 930}, "args": {"X": "array([[1.74807220e+00, 1.36314743e-01, 7.60385423e-01, 7.55743023e-02],\n       [2.34867918e-02, 1.01248915e+00, 7.70120365e-02, 1.40800363e+00],\n       [9.46918689e-02, 2.97016160e-16, 8.13786557e-01, 7.22740611e-02],\n       [6.29639817e-01, 1.05995267e-01, 1.06415871e-37, 1.88750979e-01],\n       [5.54631263e-01, 6.91683273e-01, 3.22941098e-01, 2.49143461e-09],\n       [6.84164889e-01, 1.20523601e+00, 2.16471214e-01, 7.43046164e-01]])"}, "kwargs": {}}, "return": "array([[1.76398357, 0.40021769, 0.97917287, 2.24071332],\n       [1.8675744 , 0.97711398, 0.95021536, 0.15140159],\n       [0.10341722, 0.41037666, 0.14388053, 1.45437265],\n       [0.76116372, 0.12374391, 0.44199587, 0.33508891],\n       [1.49403791, 0.20579321, 0.31346559, 0.8538756 ],\n       [2.55300382, 0.65337417, 0.86464165, 0.74211931]])"}, "name": "inverse_transform"}
{"types": {}, "values": {"inputs": {"self": {"n_components": "auto", "init": "nndsvdar", "beta_loss": "frobenius", "tol": 0.0001, "max_iter": 500, "random_state": "RandomState(MT19937) at 0x70E5F440D940", "alpha_W": 0.0, "alpha_H": "same", "l1_ratio": 0.0, "verbose": 0, "max_no_improvement": 10, "batch_size": 1024, "forget_factor": 0.7, "fresh_restarts": true, "fresh_restarts_max_iter": 30, "transform_max_iter": null, "n_features_in_": 4, "_n_components": 4, "_beta_loss": 2, "_batch_size": 6, "_rho": 0.7, "_gamma": 1.0, "_transform_max_iter": 500, "_components_numerator": "array([[5.26909986e+01, 1.88722291e+00, 4.20274506e+00, 2.18745114e+00],\n       [7.39653196e-02, 4.15386304e-02, 7.51222840e-03, 2.62623227e+01],\n       [2.08083259e-01, 3.96481317e+00, 1.29344448e+00, 4.81779249e-04],\n       [1.46490237e-01, 3.55689207e-04, 4.24665827e+00, 5.89780026e-02]])", "_components_denominator": "array([[21.2384189 ,  6.17682905,  8.69643763, 10.40524464],\n       [18.58444066,  5.62721721,  8.8012605 , 22.670155  ],\n       [12.86154616,  5.76251538,  6.04907189,  6.54030029],\n       [18.70447476,  5.69806661,  9.09595156, 12.04148691]])", "_ewa_cost": 1.3158397637820122e-05, "_ewa_cost_min": 1.3382998866494193e-05, "_no_improvement": 0, "reconstruction_err_": 0.010461480563293877, "n_components_": 4, "components_": "array([[2.48092849e+00, 3.05532643e-01, 4.83272029e-01, 2.10225825e-01],\n       [3.97995942e-03, 7.38173574e-03, 8.53540059e-04, 1.15845360e+00],\n       [1.61787126e-02, 6.88035157e-01, 2.13825279e-01, 7.36631695e-05],\n       [7.83182843e-03, 6.24227886e-05, 4.66873448e-01, 4.89790032e-03]])", "n_iter_": 225, "n_steps_": 225}, "args": {"X": "array([[7.02573220e-01, 1.80158037e+00, 2.50176791e-01, 1.25123968e+00],\n       [7.42895608e-01, 1.10059684e-03, 1.09048301e+00, 7.66385924e-01],\n       [3.57024521e-02, 1.24878547e+00, 5.66506070e-01, 1.44943269e-02],\n       [3.04150381e-01, 2.30226216e-01, 3.99952781e-02, 6.17088404e-01],\n       [6.00715295e-01, 6.28087880e-01, 2.60564491e-02, 3.95970587e-02],\n       [1.02333148e+00, 4.52519112e-01, 4.90645475e-01, 5.66728434e-01]])"}, "kwargs": {}}, "return": "array([[1.76405117, 0.40016638, 0.97873641, 2.24089318],\n       [1.86672008, 0.97732547, 0.94999968, 0.16128484],\n       [0.1028242 , 0.40990347, 0.14622022, 1.45427832],\n       [0.76097164, 0.12218402, 0.44383807, 0.33367204],\n       [1.49356313, 0.20610474, 0.31490334, 0.8540924 ],\n       [2.55298977, 0.65361826, 0.86443659, 0.74216502]])"}, "name": "inverse_transform"}
