{"types": {}, "values": {"inputs": {"self": {}, "args": {"X": "array([[ 0.03807591,  0.05068012,  0.06169621, ..., -0.00259226,\n         0.01990749, -0.01764613],\n       [-0.00188202, -0.04464164, -0.05147406, ..., -0.03949338,\n        -0.06833155, -0.09220405],\n       [ 0.08529891,  0.05068012,  0.04445121, ..., -0.00259226,\n         0.00286131, -0.02593034],\n       ...,\n       [ 0.04170844,  0.05068012, -0.01590626, ..., -0.01107952,\n        -0.04688253,  0.01549073],\n       [-0.04547248, -0.04464164,  0.03906215, ...,  0.02655962,\n         0.04452873, -0.02593034],\n       [-0.04547248, -0.04464164, -0.0730303 , ..., -0.03949338,\n        -0.00422151,  0.00306441]], shape=(442, 10))", "assume_centered": true}, "kwargs": {}}, "return": ["array([[ 2.26244344e-03,  3.84098421e-04,  4.09185647e-04,\n         7.41564157e-04,  5.74943118e-04,  4.84703287e-04,\n        -1.66210289e-04,  4.50651976e-04,  5.98628377e-04,\n         6.67067674e-04],\n       [ 3.84098421e-04,  2.26244344e-03,  1.94907444e-04,\n         5.32826593e-04,  7.79900809e-05,  3.15342808e-04,\n        -8.38092310e-04,  7.34240887e-04,  3.31434973e-04,\n         4.60141440e-04],\n       [ 4.09185647e-04,  1.94907444e-04,  2.26244344e-03,\n         8.74175414e-04,  5.52208555e-04,  5.77395099e-04,\n        -8.10946638e-04,  9.14844681e-04,  9.86364002e-04,\n         8.59294712e-04],\n       [ 7.41564157e-04,  5.32826593e-04,  8.74175414e-04,\n         2.26244344e-03,  5.36040074e-04,  4.10211010e-04,\n        -3.95206666e-04,  5.69613389e-04,  8.69906819e-04,\n         8.63163681e-04],\n       [ 5.74943118e-04,  7.79900809e-05,  5.52208555e-04,\n         5.36040074e-04,  2.26244344e-03,  1.98234473e-03,\n         1.13899141e-04,  1.19871323e-03,  1.13967517e-03,\n         7.20095420e-04],\n       [ 4.84703287e-04,  3.15342808e-04,  5.77395099e-04,\n         4.10211010e-04,  1.98234473e-03,  2.26244344e-03,\n        -4.34323484e-04,  1.45872484e-03,  7.03823719e-04,\n         6.42460044e-04],\n       [-1.66210289e-04, -8.38092310e-04, -8.10946638e-04,\n        -3.95206666e-04,  1.13899141e-04, -4.34323484e-04,\n         2.26244344e-03, -1.63266159e-03, -8.81175687e-04,\n        -6.05090685e-04],\n       [ 4.50651976e-04,  7.34240887e-04,  9.14844681e-04,\n         5.69613389e-04,  1.19871323e-03,  1.45872484e-03,\n        -1.63266159e-03,  2.26244344e-03,  1.36596418e-03,\n         9.22373595e-04],\n       [ 5.98628377e-04,  3.31434973e-04,  9.86364002e-04,\n         8.69906819e-04,  1.13967517e-03,  7.03823719e-04,\n        -8.81175687e-04,  1.36596418e-03,  2.26244344e-03,\n         1.02729106e-03],\n       [ 6.67067674e-04,  4.60141440e-04,  8.59294712e-04,\n         8.63163681e-04,  7.20095420e-04,  6.42460044e-04,\n        -6.05090685e-04,  9.22373595e-04,  1.02729106e-03,\n         2.26244344e-03]])", 0.02282528351676865]}, "name": "_oas"}
{"types": {}, "values": {"inputs": {"self": {}, "args": {"X": "array([[ 0.03807591,  0.05068012,  0.06169621, ..., -0.00259226,\n         0.01990749, -0.01764613],\n       [-0.00188202, -0.04464164, -0.05147406, ..., -0.03949338,\n        -0.06833155, -0.09220405],\n       [ 0.08529891,  0.05068012,  0.04445121, ..., -0.00259226,\n         0.00286131, -0.02593034],\n       ...,\n       [ 0.04170844,  0.05068012, -0.01590626, ..., -0.01107952,\n        -0.04688253,  0.01549073],\n       [-0.04547248, -0.04464164,  0.03906215, ...,  0.02655962,\n         0.04452873, -0.02593034],\n       [-0.04547248, -0.04464164, -0.0730303 , ..., -0.03949338,\n        -0.00422151,  0.00306441]], shape=(442, 10))", "assume_centered": true}, "kwargs": {}}, "return": ["array([[ 2.26244344e-03,  3.84098421e-04,  4.09185647e-04,\n         7.41564157e-04,  5.74943118e-04,  4.84703287e-04,\n        -1.66210289e-04,  4.50651976e-04,  5.98628377e-04,\n         6.67067674e-04],\n       [ 3.84098421e-04,  2.26244344e-03,  1.94907444e-04,\n         5.32826593e-04,  7.79900809e-05,  3.15342808e-04,\n        -8.38092310e-04,  7.34240887e-04,  3.31434973e-04,\n         4.60141440e-04],\n       [ 4.09185647e-04,  1.94907444e-04,  2.26244344e-03,\n         8.74175414e-04,  5.52208555e-04,  5.77395099e-04,\n        -8.10946638e-04,  9.14844681e-04,  9.86364002e-04,\n         8.59294712e-04],\n       [ 7.41564157e-04,  5.32826593e-04,  8.74175414e-04,\n         2.26244344e-03,  5.36040074e-04,  4.10211010e-04,\n        -3.95206666e-04,  5.69613389e-04,  8.69906819e-04,\n         8.63163681e-04],\n       [ 5.74943118e-04,  7.79900809e-05,  5.52208555e-04,\n         5.36040074e-04,  2.26244344e-03,  1.98234473e-03,\n         1.13899141e-04,  1.19871323e-03,  1.13967517e-03,\n         7.20095420e-04],\n       [ 4.84703287e-04,  3.15342808e-04,  5.77395099e-04,\n         4.10211010e-04,  1.98234473e-03,  2.26244344e-03,\n        -4.34323484e-04,  1.45872484e-03,  7.03823719e-04,\n         6.42460044e-04],\n       [-1.66210289e-04, -8.38092310e-04, -8.10946638e-04,\n        -3.95206666e-04,  1.13899141e-04, -4.34323484e-04,\n         2.26244344e-03, -1.63266159e-03, -8.81175687e-04,\n        -6.05090685e-04],\n       [ 4.50651976e-04,  7.34240887e-04,  9.14844681e-04,\n         5.69613389e-04,  1.19871323e-03,  1.45872484e-03,\n        -1.63266159e-03,  2.26244344e-03,  1.36596418e-03,\n         9.22373595e-04],\n       [ 5.98628377e-04,  3.31434973e-04,  9.86364002e-04,\n         8.69906819e-04,  1.13967517e-03,  7.03823719e-04,\n        -8.81175687e-04,  1.36596418e-03,  2.26244344e-03,\n         1.02729106e-03],\n       [ 6.67067674e-04,  4.60141440e-04,  8.59294712e-04,\n         8.63163681e-04,  7.20095420e-04,  6.42460044e-04,\n        -6.05090685e-04,  9.22373595e-04,  1.02729106e-03,\n         2.26244344e-03]])", 0.02282528351676865]}, "name": "_oas"}
{"types": {}, "values": {"inputs": {"self": {}, "args": {"X": "array([[ 0.03807591],\n       [-0.00188202],\n       [ 0.08529891],\n       [-0.08906294],\n       [ 0.00538306],\n       [-0.09269548],\n       [-0.04547248],\n       [ 0.06350368],\n       [ 0.04170844],\n       [-0.07090025],\n       [-0.09632802],\n       [ 0.02717829],\n       [ 0.01628068],\n       [ 0.00538306],\n       [ 0.04534098],\n       [-0.05273755],\n       [-0.00551455],\n       [ 0.07076875],\n       [-0.0382074 ],\n       [-0.02730979],\n       [-0.04910502],\n       [-0.0854304 ],\n       [-0.0854304 ],\n       [ 0.04534098],\n       [-0.06363517],\n       [-0.06726771],\n       [-0.10722563],\n       [-0.02367725],\n       [ 0.05260606],\n       [ 0.06713621],\n       [-0.06000263],\n       [-0.02367725],\n       [ 0.03444337],\n       [ 0.03081083],\n       [ 0.01628068],\n       [ 0.04897352],\n       [ 0.01264814],\n       [-0.00914709],\n       [-0.00188202],\n       [-0.00188202],\n       [ 0.00538306],\n       [-0.09996055],\n       [-0.06000263],\n       [ 0.01991321],\n       [ 0.04534098],\n       [ 0.02717829],\n       [-0.05637009],\n       [-0.07816532],\n       [ 0.06713621],\n       [-0.04183994],\n       [ 0.03444337],\n       [ 0.05987114],\n       [-0.05273755],\n       [-0.00914709],\n       [-0.04910502],\n       [-0.04183994],\n       [-0.04183994],\n       [-0.02730979],\n       [ 0.04170844],\n       [ 0.06350368],\n       [-0.07090025],\n       [-0.04183994],\n       [-0.02730979],\n       [-0.03457486],\n       [ 0.06713621],\n       [-0.04547248],\n       [-0.00914709],\n       [ 0.04170844],\n       [ 0.03807591],\n       [ 0.01628068],\n       [-0.00188202],\n       [-0.00188202],\n       [ 0.06350368],\n       [ 0.01264814],\n       [ 0.01264814],\n       [-0.00914709],\n       [-0.03094232],\n       [-0.09632802],\n       [ 0.00538306],\n       [-0.10359309],\n       [ 0.07076875],\n       [ 0.01264814],\n       [-0.01641217],\n       [-0.0382074 ],\n       [ 0.00175052],\n       [ 0.04534098],\n       [-0.07090025],\n       [ 0.04534098],\n       [-0.05273755],\n       [-0.04547248],\n       [ 0.01264814],\n       [ 0.04534098],\n       [-0.02004471],\n       [-0.04910502],\n       [-0.07816532],\n       [-0.07090025],\n       [ 0.0562386 ],\n       [-0.02730979],\n       [ 0.00175052],\n       [-0.00188202],\n       [ 0.01628068],\n       [ 0.01628068],\n       [-0.09269548],\n       [ 0.05987114],\n       [-0.02730979],\n       [ 0.02354575],\n       [-0.09632802],\n       [ 0.02717829],\n       [ 0.01991321],\n       [ 0.03807591],\n       [ 0.04170844],\n       [ 0.01991321],\n       [-0.0854304 ],\n       [ 0.01991321],\n       [ 0.02354575],\n       [-0.03094232],\n       [ 0.04897352],\n       [ 0.05987114],\n       [-0.05637009],\n       [ 0.01628068],\n       [-0.04910502],\n       [ 0.06350368],\n       [ 0.04897352],\n       [ 0.00538306],\n       [-0.00551455],\n       [-0.00551455],\n       [-0.08906294],\n       [ 0.03444337],\n       [-0.05273755],\n       [ 0.0090156 ],\n       [-0.06363517],\n       [-0.09632802],\n       [ 0.01628068],\n       [-0.04183994],\n       [-0.07453279],\n       [-0.00551455],\n       [-0.09269548],\n       [ 0.00538306],\n       [ 0.03444337],\n       [ 0.02354575],\n       [ 0.04170844],\n       [-0.02730979],\n       [ 0.04170844],\n       [-0.03094232],\n       [ 0.03081083],\n       [-0.04183994],\n       [-0.03094232],\n       [-0.05637009],\n       [-0.06000263],\n       [-0.04910502],\n       [ 0.02354575],\n       [ 0.00175052],\n       [-0.03457486],\n       [ 0.04170844],\n       [ 0.06713621],\n       [-0.02730979],\n       [-0.01641217],\n       [-0.00188202],\n       [-0.01277963],\n       [-0.00551455],\n       [-0.00914709],\n       [-0.04547248],\n       [-0.05273755],\n       [ 0.01628068],\n       [ 0.04534098],\n       [-0.04183994],\n       [-0.05637009],\n       [ 0.07076875],\n       [ 0.00175052],\n       [-0.00188202],\n       [ 0.02354575],\n       [-0.02004471],\n       [ 0.04170844],\n       [-0.06363517],\n       [ 0.01628068],\n       [ 0.06713621],\n       [ 0.04534098],\n       [ 0.04897352],\n       [ 0.04170844],\n       [-0.02367725],\n       [-0.0382074 ],\n       [ 0.04897352],\n       [ 0.04534098],\n       [ 0.04534098],\n       [ 0.01628068],\n       [-0.07453279],\n       [-0.08179786],\n       [-0.06726771],\n       [ 0.00538306],\n       [-0.00188202],\n       [ 0.0090156 ],\n       [-0.00551455],\n       [ 0.0562386 ],\n       [ 0.0090156 ],\n       [-0.06726771],\n       [ 0.02717829],\n       [-0.02367725],\n       [ 0.04897352],\n       [-0.05273755],\n       [ 0.04170844],\n       [ 0.0562386 ],\n       [-0.03457486],\n       [ 0.08166637],\n       [-0.00188202],\n       [ 0.11072668],\n       [-0.03094232],\n       [ 0.00175052],\n       [ 0.0090156 ],\n       [ 0.03081083],\n       [ 0.03807591],\n       [ 0.0090156 ],\n       [ 0.09256398],\n       [ 0.06713621],\n       [ 0.00175052],\n       [ 0.03081083],\n       [ 0.02717829],\n       [ 0.01264814],\n       [ 0.07440129],\n       [-0.04183994],\n       [-0.08906294],\n       [ 0.02354575],\n       [-0.04547248],\n       [-0.02367725],\n       [-0.09996055],\n       [-0.02730979],\n       [ 0.03081083],\n       [-0.10359309],\n       [ 0.06713621],\n       [-0.05273755],\n       [-0.02730979],\n       [-0.0382074 ],\n       [ 0.0090156 ],\n       [ 0.01264814],\n       [ 0.06713621],\n       [ 0.04534098],\n       [ 0.06713621],\n       [ 0.02717829],\n       [ 0.0562386 ],\n       [ 0.03444337],\n       [ 0.02354575],\n       [ 0.04897352],\n       [ 0.03081083],\n       [-0.10359309],\n       [ 0.01628068],\n       [-0.06000263],\n       [-0.02730979],\n       [ 0.04170844],\n       [-0.08179786],\n       [-0.04183994],\n       [-0.01277963],\n       [ 0.06713621],\n       [-0.05273755],\n       [ 0.00538306],\n       [ 0.08166637],\n       [ 0.03081083],\n       [ 0.00175052],\n       [-0.04910502],\n       [-0.02730979],\n       [ 0.07803383],\n       [ 0.01264814],\n       [ 0.04170844],\n       [ 0.04897352],\n       [-0.01641217],\n       [-0.07453279],\n       [ 0.03444337],\n       [-0.03457486],\n       [-0.05273755],\n       [ 0.05987114],\n       [ 0.06350368],\n       [ 0.0090156 ],\n       [ 0.00538306],\n       [ 0.03807591],\n       [ 0.01264814],\n       [ 0.07440129],\n       [ 0.01628068],\n       [-0.00551455],\n       [ 0.01264814],\n       [-0.03457486],\n       [ 0.06713621],\n       [ 0.03807591],\n       [ 0.0090156 ],\n       [-0.09269548],\n       [ 0.07076875],\n       [-0.01641217],\n       [ 0.04170844],\n       [ 0.01264814],\n       [-0.0382074 ],\n       [ 0.04534098],\n       [ 0.07076875],\n       [-0.07453279],\n       [ 0.05987114],\n       [ 0.07440129],\n       [ 0.0090156 ],\n       [-0.07090025],\n       [ 0.02354575],\n       [-0.05273755],\n       [ 0.06713621],\n       [ 0.00175052],\n       [ 0.02354575],\n       [ 0.03807591],\n       [ 0.01628068],\n       [-0.00188202],\n       [ 0.01264814],\n       [ 0.07440129],\n       [ 0.04170844],\n       [-0.00914709],\n       [ 0.0090156 ],\n       [ 0.06713621],\n       [ 0.00175052],\n       [-0.00914709],\n       [-0.00551455],\n       [ 0.09619652],\n       [-0.07453279],\n       [ 0.05987114],\n       [-0.02367725],\n       [ 0.0090156 ],\n       [ 0.01628068],\n       [ 0.01991321],\n       [ 0.08893144],\n       [ 0.01991321],\n       [-0.02367725],\n       [ 0.09619652],\n       [ 0.02354575],\n       [ 0.07076875],\n       [ 0.03081083],\n       [-0.00188202],\n       [ 0.04534098],\n       [ 0.07440129],\n       [-0.0382074 ],\n       [-0.01277963],\n       [ 0.0090156 ],\n       [ 0.08166637],\n       [ 0.03081083],\n       [ 0.02717829],\n       [-0.06000263],\n       [ 0.00538306],\n       [-0.02004471],\n       [ 0.01991321],\n       [-0.06363517],\n       [ 0.02717829],\n       [-0.01641217],\n       [ 0.03081083],\n       [ 0.0562386 ],\n       [-0.02004471],\n       [-0.10722563],\n       [ 0.08166637],\n       [ 0.00538306],\n       [ 0.03807591],\n       [ 0.03081083],\n       [ 0.00175052],\n       [-0.02730979],\n       [-0.0854304 ],\n       [ 0.01264814],\n       [-0.05273755],\n       [-0.02367725],\n       [-0.07453279],\n       [-0.00551455],\n       [-0.06000263],\n       [-0.02004471],\n       [ 0.03807591],\n       [ 0.01628068],\n       [ 0.04170844],\n       [ 0.01991321],\n       [-0.04910502],\n       [ 0.00175052],\n       [ 0.03444337],\n       [-0.04547248],\n       [-0.00914709],\n       [-0.01641217],\n       [-0.00914709],\n       [ 0.01991321],\n       [ 0.05260606],\n       [-0.02730979],\n       [-0.07453279],\n       [-0.10722563],\n       [ 0.04534098],\n       [-0.00188202],\n       [ 0.01991321],\n       [ 0.01628068],\n       [-0.00188202],\n       [ 0.01628068],\n       [-0.07090025],\n       [ 0.04897352],\n       [ 0.00538306],\n       [ 0.03444337],\n       [ 0.02354575],\n       [ 0.01991321],\n       [-0.04547248],\n       [ 0.05260606],\n       [-0.00551455],\n       [ 0.0090156 ],\n       [-0.02367725],\n       [-0.04183994],\n       [-0.07453279],\n       [ 0.03444337],\n       [-0.06000263],\n       [-0.0854304 ],\n       [ 0.05260606],\n       [ 0.01264814],\n       [ 0.05987114],\n       [-0.02367725],\n       [ 0.01628068],\n       [ 0.11072668],\n       [-0.02004471],\n       [-0.01641217],\n       [ 0.04897352],\n       [-0.05637009],\n       [ 0.02717829],\n       [ 0.06350368],\n       [-0.05273755],\n       [-0.00914709],\n       [ 0.00538306],\n       [ 0.07440129],\n       [-0.05273755],\n       [ 0.08166637],\n       [-0.00551455],\n       [-0.02730979],\n       [-0.05273755],\n       [ 0.0090156 ],\n       [-0.02004471],\n       [ 0.02354575],\n       [ 0.03807591],\n       [-0.07816532],\n       [ 0.0090156 ],\n       [ 0.00175052],\n       [-0.07816532],\n       [ 0.03081083],\n       [-0.03457486],\n       [ 0.04897352],\n       [-0.04183994],\n       [-0.00914709],\n       [ 0.07076875],\n       [ 0.0090156 ],\n       [-0.02730979],\n       [ 0.01628068],\n       [-0.01277963],\n       [-0.05637009],\n       [ 0.04170844],\n       [-0.00551455],\n       [ 0.04170844],\n       [-0.04547248],\n       [-0.04547248]])", "assume_centered": true}, "kwargs": {}}, "return": ["array([[0.00226244]])", 0.0]}, "name": "_oas"}
{"types": {}, "values": {"inputs": {"self": {}, "args": {"X": "array([[ 0.03807591],\n       [-0.00188202],\n       [ 0.08529891],\n       [-0.08906294],\n       [ 0.00538306],\n       [-0.09269548],\n       [-0.04547248],\n       [ 0.06350368],\n       [ 0.04170844],\n       [-0.07090025],\n       [-0.09632802],\n       [ 0.02717829],\n       [ 0.01628068],\n       [ 0.00538306],\n       [ 0.04534098],\n       [-0.05273755],\n       [-0.00551455],\n       [ 0.07076875],\n       [-0.0382074 ],\n       [-0.02730979],\n       [-0.04910502],\n       [-0.0854304 ],\n       [-0.0854304 ],\n       [ 0.04534098],\n       [-0.06363517],\n       [-0.06726771],\n       [-0.10722563],\n       [-0.02367725],\n       [ 0.05260606],\n       [ 0.06713621],\n       [-0.06000263],\n       [-0.02367725],\n       [ 0.03444337],\n       [ 0.03081083],\n       [ 0.01628068],\n       [ 0.04897352],\n       [ 0.01264814],\n       [-0.00914709],\n       [-0.00188202],\n       [-0.00188202],\n       [ 0.00538306],\n       [-0.09996055],\n       [-0.06000263],\n       [ 0.01991321],\n       [ 0.04534098],\n       [ 0.02717829],\n       [-0.05637009],\n       [-0.07816532],\n       [ 0.06713621],\n       [-0.04183994],\n       [ 0.03444337],\n       [ 0.05987114],\n       [-0.05273755],\n       [-0.00914709],\n       [-0.04910502],\n       [-0.04183994],\n       [-0.04183994],\n       [-0.02730979],\n       [ 0.04170844],\n       [ 0.06350368],\n       [-0.07090025],\n       [-0.04183994],\n       [-0.02730979],\n       [-0.03457486],\n       [ 0.06713621],\n       [-0.04547248],\n       [-0.00914709],\n       [ 0.04170844],\n       [ 0.03807591],\n       [ 0.01628068],\n       [-0.00188202],\n       [-0.00188202],\n       [ 0.06350368],\n       [ 0.01264814],\n       [ 0.01264814],\n       [-0.00914709],\n       [-0.03094232],\n       [-0.09632802],\n       [ 0.00538306],\n       [-0.10359309],\n       [ 0.07076875],\n       [ 0.01264814],\n       [-0.01641217],\n       [-0.0382074 ],\n       [ 0.00175052],\n       [ 0.04534098],\n       [-0.07090025],\n       [ 0.04534098],\n       [-0.05273755],\n       [-0.04547248],\n       [ 0.01264814],\n       [ 0.04534098],\n       [-0.02004471],\n       [-0.04910502],\n       [-0.07816532],\n       [-0.07090025],\n       [ 0.0562386 ],\n       [-0.02730979],\n       [ 0.00175052],\n       [-0.00188202],\n       [ 0.01628068],\n       [ 0.01628068],\n       [-0.09269548],\n       [ 0.05987114],\n       [-0.02730979],\n       [ 0.02354575],\n       [-0.09632802],\n       [ 0.02717829],\n       [ 0.01991321],\n       [ 0.03807591],\n       [ 0.04170844],\n       [ 0.01991321],\n       [-0.0854304 ],\n       [ 0.01991321],\n       [ 0.02354575],\n       [-0.03094232],\n       [ 0.04897352],\n       [ 0.05987114],\n       [-0.05637009],\n       [ 0.01628068],\n       [-0.04910502],\n       [ 0.06350368],\n       [ 0.04897352],\n       [ 0.00538306],\n       [-0.00551455],\n       [-0.00551455],\n       [-0.08906294],\n       [ 0.03444337],\n       [-0.05273755],\n       [ 0.0090156 ],\n       [-0.06363517],\n       [-0.09632802],\n       [ 0.01628068],\n       [-0.04183994],\n       [-0.07453279],\n       [-0.00551455],\n       [-0.09269548],\n       [ 0.00538306],\n       [ 0.03444337],\n       [ 0.02354575],\n       [ 0.04170844],\n       [-0.02730979],\n       [ 0.04170844],\n       [-0.03094232],\n       [ 0.03081083],\n       [-0.04183994],\n       [-0.03094232],\n       [-0.05637009],\n       [-0.06000263],\n       [-0.04910502],\n       [ 0.02354575],\n       [ 0.00175052],\n       [-0.03457486],\n       [ 0.04170844],\n       [ 0.06713621],\n       [-0.02730979],\n       [-0.01641217],\n       [-0.00188202],\n       [-0.01277963],\n       [-0.00551455],\n       [-0.00914709],\n       [-0.04547248],\n       [-0.05273755],\n       [ 0.01628068],\n       [ 0.04534098],\n       [-0.04183994],\n       [-0.05637009],\n       [ 0.07076875],\n       [ 0.00175052],\n       [-0.00188202],\n       [ 0.02354575],\n       [-0.02004471],\n       [ 0.04170844],\n       [-0.06363517],\n       [ 0.01628068],\n       [ 0.06713621],\n       [ 0.04534098],\n       [ 0.04897352],\n       [ 0.04170844],\n       [-0.02367725],\n       [-0.0382074 ],\n       [ 0.04897352],\n       [ 0.04534098],\n       [ 0.04534098],\n       [ 0.01628068],\n       [-0.07453279],\n       [-0.08179786],\n       [-0.06726771],\n       [ 0.00538306],\n       [-0.00188202],\n       [ 0.0090156 ],\n       [-0.00551455],\n       [ 0.0562386 ],\n       [ 0.0090156 ],\n       [-0.06726771],\n       [ 0.02717829],\n       [-0.02367725],\n       [ 0.04897352],\n       [-0.05273755],\n       [ 0.04170844],\n       [ 0.0562386 ],\n       [-0.03457486],\n       [ 0.08166637],\n       [-0.00188202],\n       [ 0.11072668],\n       [-0.03094232],\n       [ 0.00175052],\n       [ 0.0090156 ],\n       [ 0.03081083],\n       [ 0.03807591],\n       [ 0.0090156 ],\n       [ 0.09256398],\n       [ 0.06713621],\n       [ 0.00175052],\n       [ 0.03081083],\n       [ 0.02717829],\n       [ 0.01264814],\n       [ 0.07440129],\n       [-0.04183994],\n       [-0.08906294],\n       [ 0.02354575],\n       [-0.04547248],\n       [-0.02367725],\n       [-0.09996055],\n       [-0.02730979],\n       [ 0.03081083],\n       [-0.10359309],\n       [ 0.06713621],\n       [-0.05273755],\n       [-0.02730979],\n       [-0.0382074 ],\n       [ 0.0090156 ],\n       [ 0.01264814],\n       [ 0.06713621],\n       [ 0.04534098],\n       [ 0.06713621],\n       [ 0.02717829],\n       [ 0.0562386 ],\n       [ 0.03444337],\n       [ 0.02354575],\n       [ 0.04897352],\n       [ 0.03081083],\n       [-0.10359309],\n       [ 0.01628068],\n       [-0.06000263],\n       [-0.02730979],\n       [ 0.04170844],\n       [-0.08179786],\n       [-0.04183994],\n       [-0.01277963],\n       [ 0.06713621],\n       [-0.05273755],\n       [ 0.00538306],\n       [ 0.08166637],\n       [ 0.03081083],\n       [ 0.00175052],\n       [-0.04910502],\n       [-0.02730979],\n       [ 0.07803383],\n       [ 0.01264814],\n       [ 0.04170844],\n       [ 0.04897352],\n       [-0.01641217],\n       [-0.07453279],\n       [ 0.03444337],\n       [-0.03457486],\n       [-0.05273755],\n       [ 0.05987114],\n       [ 0.06350368],\n       [ 0.0090156 ],\n       [ 0.00538306],\n       [ 0.03807591],\n       [ 0.01264814],\n       [ 0.07440129],\n       [ 0.01628068],\n       [-0.00551455],\n       [ 0.01264814],\n       [-0.03457486],\n       [ 0.06713621],\n       [ 0.03807591],\n       [ 0.0090156 ],\n       [-0.09269548],\n       [ 0.07076875],\n       [-0.01641217],\n       [ 0.04170844],\n       [ 0.01264814],\n       [-0.0382074 ],\n       [ 0.04534098],\n       [ 0.07076875],\n       [-0.07453279],\n       [ 0.05987114],\n       [ 0.07440129],\n       [ 0.0090156 ],\n       [-0.07090025],\n       [ 0.02354575],\n       [-0.05273755],\n       [ 0.06713621],\n       [ 0.00175052],\n       [ 0.02354575],\n       [ 0.03807591],\n       [ 0.01628068],\n       [-0.00188202],\n       [ 0.01264814],\n       [ 0.07440129],\n       [ 0.04170844],\n       [-0.00914709],\n       [ 0.0090156 ],\n       [ 0.06713621],\n       [ 0.00175052],\n       [-0.00914709],\n       [-0.00551455],\n       [ 0.09619652],\n       [-0.07453279],\n       [ 0.05987114],\n       [-0.02367725],\n       [ 0.0090156 ],\n       [ 0.01628068],\n       [ 0.01991321],\n       [ 0.08893144],\n       [ 0.01991321],\n       [-0.02367725],\n       [ 0.09619652],\n       [ 0.02354575],\n       [ 0.07076875],\n       [ 0.03081083],\n       [-0.00188202],\n       [ 0.04534098],\n       [ 0.07440129],\n       [-0.0382074 ],\n       [-0.01277963],\n       [ 0.0090156 ],\n       [ 0.08166637],\n       [ 0.03081083],\n       [ 0.02717829],\n       [-0.06000263],\n       [ 0.00538306],\n       [-0.02004471],\n       [ 0.01991321],\n       [-0.06363517],\n       [ 0.02717829],\n       [-0.01641217],\n       [ 0.03081083],\n       [ 0.0562386 ],\n       [-0.02004471],\n       [-0.10722563],\n       [ 0.08166637],\n       [ 0.00538306],\n       [ 0.03807591],\n       [ 0.03081083],\n       [ 0.00175052],\n       [-0.02730979],\n       [-0.0854304 ],\n       [ 0.01264814],\n       [-0.05273755],\n       [-0.02367725],\n       [-0.07453279],\n       [-0.00551455],\n       [-0.06000263],\n       [-0.02004471],\n       [ 0.03807591],\n       [ 0.01628068],\n       [ 0.04170844],\n       [ 0.01991321],\n       [-0.04910502],\n       [ 0.00175052],\n       [ 0.03444337],\n       [-0.04547248],\n       [-0.00914709],\n       [-0.01641217],\n       [-0.00914709],\n       [ 0.01991321],\n       [ 0.05260606],\n       [-0.02730979],\n       [-0.07453279],\n       [-0.10722563],\n       [ 0.04534098],\n       [-0.00188202],\n       [ 0.01991321],\n       [ 0.01628068],\n       [-0.00188202],\n       [ 0.01628068],\n       [-0.07090025],\n       [ 0.04897352],\n       [ 0.00538306],\n       [ 0.03444337],\n       [ 0.02354575],\n       [ 0.01991321],\n       [-0.04547248],\n       [ 0.05260606],\n       [-0.00551455],\n       [ 0.0090156 ],\n       [-0.02367725],\n       [-0.04183994],\n       [-0.07453279],\n       [ 0.03444337],\n       [-0.06000263],\n       [-0.0854304 ],\n       [ 0.05260606],\n       [ 0.01264814],\n       [ 0.05987114],\n       [-0.02367725],\n       [ 0.01628068],\n       [ 0.11072668],\n       [-0.02004471],\n       [-0.01641217],\n       [ 0.04897352],\n       [-0.05637009],\n       [ 0.02717829],\n       [ 0.06350368],\n       [-0.05273755],\n       [-0.00914709],\n       [ 0.00538306],\n       [ 0.07440129],\n       [-0.05273755],\n       [ 0.08166637],\n       [-0.00551455],\n       [-0.02730979],\n       [-0.05273755],\n       [ 0.0090156 ],\n       [-0.02004471],\n       [ 0.02354575],\n       [ 0.03807591],\n       [-0.07816532],\n       [ 0.0090156 ],\n       [ 0.00175052],\n       [-0.07816532],\n       [ 0.03081083],\n       [-0.03457486],\n       [ 0.04897352],\n       [-0.04183994],\n       [-0.00914709],\n       [ 0.07076875],\n       [ 0.0090156 ],\n       [-0.02730979],\n       [ 0.01628068],\n       [-0.01277963],\n       [-0.05637009],\n       [ 0.04170844],\n       [-0.00551455],\n       [ 0.04170844],\n       [-0.04547248],\n       [-0.04547248]])", "assume_centered": true}, "kwargs": {}}, "return": ["array([[0.00226244]])", 0.0]}, "name": "_oas"}
{"types": {}, "values": {"inputs": {"self": {}, "args": {"X": "array([[ 0.03807591,  0.05068012,  0.06169621, ..., -0.00259226,\n         0.01990749, -0.01764613],\n       [-0.00188202, -0.04464164, -0.05147406, ..., -0.03949338,\n        -0.06833155, -0.09220405],\n       [ 0.08529891,  0.05068012,  0.04445121, ..., -0.00259226,\n         0.00286131, -0.02593034],\n       ...,\n       [ 0.04170844,  0.05068012, -0.01590626, ..., -0.01107952,\n        -0.04688253,  0.01549073],\n       [-0.04547248, -0.04464164,  0.03906215, ...,  0.02655962,\n         0.04452873, -0.02593034],\n       [-0.04547248, -0.04464164, -0.0730303 , ..., -0.03949338,\n        -0.00422151,  0.00306441]], shape=(442, 10))", "assume_centered": true}, "kwargs": {}}, "return": ["array([[ 2.26244344e-03,  3.84098421e-04,  4.09185647e-04,\n         7.41564157e-04,  5.74943118e-04,  4.84703287e-04,\n        -1.66210289e-04,  4.50651976e-04,  5.98628377e-04,\n         6.67067674e-04],\n       [ 3.84098421e-04,  2.26244344e-03,  1.94907444e-04,\n         5.32826593e-04,  7.79900809e-05,  3.15342808e-04,\n        -8.38092310e-04,  7.34240887e-04,  3.31434973e-04,\n         4.60141440e-04],\n       [ 4.09185647e-04,  1.94907444e-04,  2.26244344e-03,\n         8.74175414e-04,  5.52208555e-04,  5.77395099e-04,\n        -8.10946638e-04,  9.14844681e-04,  9.86364002e-04,\n         8.59294712e-04],\n       [ 7.41564157e-04,  5.32826593e-04,  8.74175414e-04,\n         2.26244344e-03,  5.36040074e-04,  4.10211010e-04,\n        -3.95206666e-04,  5.69613389e-04,  8.69906819e-04,\n         8.63163681e-04],\n       [ 5.74943118e-04,  7.79900809e-05,  5.52208555e-04,\n         5.36040074e-04,  2.26244344e-03,  1.98234473e-03,\n         1.13899141e-04,  1.19871323e-03,  1.13967517e-03,\n         7.20095420e-04],\n       [ 4.84703287e-04,  3.15342808e-04,  5.77395099e-04,\n         4.10211010e-04,  1.98234473e-03,  2.26244344e-03,\n        -4.34323484e-04,  1.45872484e-03,  7.03823719e-04,\n         6.42460044e-04],\n       [-1.66210289e-04, -8.38092310e-04, -8.10946638e-04,\n        -3.95206666e-04,  1.13899141e-04, -4.34323484e-04,\n         2.26244344e-03, -1.63266159e-03, -8.81175687e-04,\n        -6.05090685e-04],\n       [ 4.50651976e-04,  7.34240887e-04,  9.14844681e-04,\n         5.69613389e-04,  1.19871323e-03,  1.45872484e-03,\n        -1.63266159e-03,  2.26244344e-03,  1.36596418e-03,\n         9.22373595e-04],\n       [ 5.98628377e-04,  3.31434973e-04,  9.86364002e-04,\n         8.69906819e-04,  1.13967517e-03,  7.03823719e-04,\n        -8.81175687e-04,  1.36596418e-03,  2.26244344e-03,\n         1.02729106e-03],\n       [ 6.67067674e-04,  4.60141440e-04,  8.59294712e-04,\n         8.63163681e-04,  7.20095420e-04,  6.42460044e-04,\n        -6.05090685e-04,  9.22373595e-04,  1.02729106e-03,\n         2.26244344e-03]])", 0.02282528351676865]}, "name": "_oas"}
