{"types": {}, "values": {"inputs": {"self": {"n_components": 1, "whiten": false, "copy": true, "batch_size": 50, "components_": "array([[ 0.35960501, -0.08631771,  0.85710053,  0.3586254 ]])", "n_samples_seen_": 150.0, "mean_": "array([5.84333333, 3.05733333, 3.758     , 1.19933333])", "var_": "array([0.68112222, 0.18871289, 3.09550267, 0.57713289])", "singular_values_": "array([25.0672974])", "explained_variance_": "array([4.21724429])", "explained_variance_ratio_": "array([0.92221384])", "noise_variance_": 0.050963299993812224, "n_features_in_": 4, "batch_size_": 50, "n_components_": 1}, "args": {}, "kwargs": {}}, "return": "array([[ 0.5897291 , -0.12932253,  1.2841213 ,  0.53729813],\n       [-0.12932253,  0.0820052 , -0.30823376, -0.12897023],\n       [ 1.2841213 , -0.30823376,  3.11160212,  1.2806232 ],\n       [ 0.53729813, -0.12897023,  1.2806232 ,  0.58679777]])"}, "name": "get_covariance"}
{"types": {}, "values": {"inputs": {"self": {"n_components": 2, "whiten": false, "copy": true, "batch_size": 50, "components_": "array([[ 0.36239792, -0.08506888,  0.85625271,  0.35813731],\n       [ 0.64603434,  0.74070983, -0.16993378, -0.07149182]])", "n_samples_seen_": 150.0, "mean_": "array([5.84333333, 3.05733333, 3.758     , 1.19933333])", "var_": "array([0.68112222, 0.18871289, 3.09550267, 0.57713289])", "singular_values_": "array([25.09027575,  6.00578578])", "explained_variance_": "array([4.22497945, 0.24207693])", "explained_variance_ratio_": "array([0.92390534, 0.05293663])", "noise_variance_": 0.030746082730584063, "n_features_in_": 4, "batch_size_": 50, "n_components_": 2}, "args": {}, "kwargs": {}}, "return": "array([[ 0.66978533, -0.02817624,  1.2782877 ,  0.53460151],\n       [-0.02817624,  0.17704545, -0.33211045, -0.13897391],\n       [ 1.2782877 , -0.33211045,  3.1119294 ,  1.28875443],\n       [ 0.53460151, -0.13897391,  1.28875443,  0.56978836]])"}, "name": "get_covariance"}
{"types": {}, "values": {"inputs": {"self": {"n_components": 4, "whiten": false, "copy": true, "batch_size": 50, "components_": "array([[ 0.36138659, -0.08452251,  0.85667061,  0.3582892 ],\n       [ 0.65658877,  0.73016143, -0.17337266, -0.07548102],\n       [-0.58202985,  0.59791083,  0.07623608,  0.54583143],\n       [ 0.31548719, -0.3197231 , -0.47983899,  0.75365743]])", "n_samples_seen_": 150.0, "mean_": "array([5.84333333, 3.05733333, 3.758     , 1.19933333])", "var_": "array([0.68112222, 0.18871289, 3.09550267, 0.57713289])", "singular_values_": "array([25.09996044,  6.01314738,  3.41368064,  1.88452351])", "explained_variance_": "array([4.22824171, 0.24267075, 0.0782095 , 0.02383509])", "explained_variance_ratio_": "array([0.92461872, 0.05306648, 0.01710261, 0.00521218])", "noise_variance_": 0.0, "n_features_in_": 4, "batch_size_": 50, "n_components_": 4}, "args": {}, "kwargs": {}}, "return": "array([[ 0.68569351, -0.042434  ,  1.27431544,  0.51627069],\n       [-0.042434  ,  0.18997942, -0.32965638, -0.12163937],\n       [ 1.27431544, -0.32965638,  3.11627785,  1.2956094 ],\n       [ 0.51627069, -0.12163937,  1.2956094 ,  0.58100626]])"}, "name": "get_covariance"}
{"types": {}, "values": {"inputs": {"self": {"n_components": 4, "whiten": false, "copy": true, "batch_size": 50, "components_": "array([[ 0.36138659, -0.08452251,  0.85667061,  0.3582892 ],\n       [ 0.65658877,  0.73016143, -0.17337266, -0.07548102],\n       [-0.58202985,  0.59791083,  0.07623608,  0.54583143],\n       [ 0.31548719, -0.3197231 , -0.47983899,  0.75365743]])", "n_samples_seen_": 150.0, "mean_": "array([5.84333333, 3.05733333, 3.758     , 1.19933333])", "var_": "array([0.68112222, 0.18871289, 3.09550267, 0.57713289])", "singular_values_": "array([25.09996044,  6.01314738,  3.41368064,  1.88452351])", "explained_variance_": "array([4.22824171, 0.24267075, 0.0782095 , 0.02383509])", "explained_variance_ratio_": "array([0.92461872, 0.05306648, 0.01710261, 0.00521218])", "noise_variance_": 0.0, "n_features_in_": 4, "batch_size_": 50, "n_components_": 4}, "args": {}, "kwargs": {}}, "return": "array([[ 0.68569351, -0.042434  ,  1.27431544,  0.51627069],\n       [-0.042434  ,  0.18997942, -0.32965638, -0.12163937],\n       [ 1.27431544, -0.32965638,  3.11627785,  1.2956094 ],\n       [ 0.51627069, -0.12163937,  1.2956094 ,  0.58100626]])"}, "name": "get_covariance"}
{"types": {}, "values": {"inputs": {"self": {"n_components": 1, "whiten": false, "copy": true, "batch_size": 50, "components_": "array([[ 0.35960501, -0.08631771,  0.85710053,  0.3586254 ]])", "n_samples_seen_": 150.0, "mean_": "array([5.84333333, 3.05733333, 3.758     , 1.19933333])", "var_": "array([0.68112222, 0.18871289, 3.09550267, 0.57713289])", "singular_values_": "array([25.0672974])", "explained_variance_": "array([4.21724429])", "explained_variance_ratio_": "array([0.92221384])", "noise_variance_": 0.05096329999381217, "n_features_in_": 4, "batch_size_": 50, "n_components_": 1}, "args": {}, "kwargs": {}}, "return": "array([[ 0.5897291 , -0.12932253,  1.2841213 ,  0.53729813],\n       [-0.12932253,  0.0820052 , -0.30823376, -0.12897023],\n       [ 1.2841213 , -0.30823376,  3.11160212,  1.2806232 ],\n       [ 0.53729813, -0.12897023,  1.2806232 ,  0.58679777]])"}, "name": "get_covariance"}
