{"types": {}, "values": {"inputs": {"self": {"n_components": 1, "whiten": false, "copy": true, "batch_size": 50, "components_": "array([[ 0.35960501, -0.08631771,  0.85710053,  0.3586254 ]])", "n_samples_seen_": 150.0, "mean_": "array([5.84333333, 3.05733333, 3.758     , 1.19933333])", "var_": "array([0.68112222, 0.18871289, 3.09550267, 0.57713289])", "singular_values_": "array([25.0672974])", "explained_variance_": "array([4.21724429])", "explained_variance_ratio_": "array([0.92221384])", "noise_variance_": 0.050963299993812224, "n_features_in_": 4, "batch_size_": 50, "n_components_": 1}, "args": {}, "kwargs": {}}, "return": "array([[17.1151977 ,  0.6017109 , -5.97475017, -2.49993681],\n       [ 0.6017109 , 19.47753172,  1.43414779,  0.60007176],\n       [-5.97475017,  1.43414779,  5.38144544, -5.9584742 ],\n       [-2.49993681,  0.60007176, -5.9584742 , 17.12883659]])"}, "name": "get_precision"}
{"types": {}, "values": {"inputs": {"self": {"n_components": 2, "whiten": false, "copy": true, "batch_size": 50, "components_": "array([[ 0.36239792, -0.08506888,  0.85625271,  0.35813731],\n       [ 0.64603434,  0.74070983, -0.16993378, -0.07149182]])", "n_samples_seen_": 150.0, "mean_": "array([5.84333333, 3.05733333, 3.758     , 1.19933333])", "var_": "array([0.68112222, 0.18871289, 3.09550267, 0.57713289])", "singular_values_": "array([25.09027575,  6.00578578])", "explained_variance_": "array([4.22497945, 0.24207693])", "explained_variance_ratio_": "array([0.92390534, 0.05293663])", "noise_variance_": 0.030746082730584063, "n_features_in_": 4, "batch_size_": 50, "n_components_": 2}, "args": {}, "kwargs": {}}, "return": "array([[ 16.4336987 , -12.59160191,  -6.90190343,  -2.8791841 ],\n       [-12.59160191,  16.7126596 ,   5.92579905,   2.4872624 ],\n       [ -6.90190343,   5.92579905,   8.03214377, -10.24619278],\n       [ -2.8791841 ,   2.4872624 , -10.24619278,  28.2380407 ]])"}, "name": "get_precision"}
{"types": {}, "values": {"inputs": {"self": {"n_components": 4, "whiten": false, "copy": true, "batch_size": 50, "components_": "array([[ 0.36138659, -0.08452251,  0.85667061,  0.3582892 ],\n       [ 0.65658877,  0.73016143, -0.17337266, -0.07548102],\n       [-0.58202985,  0.59791083,  0.07623608,  0.54583143],\n       [ 0.31548719, -0.3197231 , -0.47983899,  0.75365743]])", "n_samples_seen_": 150.0, "mean_": "array([5.84333333, 3.05733333, 3.758     , 1.19933333])", "var_": "array([0.68112222, 0.18871289, 3.09550267, 0.57713289])", "singular_values_": "array([25.09996044,  6.01314738,  3.41368064,  1.88452351])", "explained_variance_": "array([4.22824171, 0.24267075, 0.0782095 , 0.02383509])", "explained_variance_ratio_": "array([0.92461872, 0.05306648, 0.01710261, 0.00521218])", "noise_variance_": 0.0, "n_features_in_": 4, "batch_size_": 50, "n_components_": 4}, "args": {}, "kwargs": {}}, "return": "array([[ 10.31469875,  -6.71318923,  -7.31448253,   5.739951  ],\n       [ -6.71318923,  11.05841725,   6.48058913,  -6.17093237],\n       [ -7.31448253,   6.48058913,  10.03167858, -14.5137665 ],\n       [  5.739951  ,  -6.17093237, -14.5137665 ,  27.69363502]])"}, "name": "get_precision"}
{"types": {}, "values": {"inputs": {"self": {"n_components": 1, "whiten": false, "copy": true, "batch_size": 50, "components_": "array([[ 0.35960501, -0.08631771,  0.85710053,  0.3586254 ]])", "n_samples_seen_": 150.0, "mean_": "array([5.84333333, 3.05733333, 3.758     , 1.19933333])", "var_": "array([0.68112222, 0.18871289, 3.09550267, 0.57713289])", "singular_values_": "array([25.0672974])", "explained_variance_": "array([4.21724429])", "explained_variance_ratio_": "array([0.92221384])", "noise_variance_": 0.05096329999381217, "n_features_in_": 4, "batch_size_": 50, "n_components_": 1}, "args": {}, "kwargs": {}}, "return": "array([[17.1151977 ,  0.6017109 , -5.97475017, -2.49993681],\n       [ 0.6017109 , 19.47753172,  1.43414779,  0.60007176],\n       [-5.97475017,  1.43414779,  5.38144544, -5.9584742 ],\n       [-2.49993681,  0.60007176, -5.9584742 , 17.12883659]])"}, "name": "get_precision"}
{"types": {}, "values": {"inputs": {"self": {"n_components": 2, "whiten": false, "copy": true, "batch_size": 50, "components_": "array([[ 0.36239792, -0.08506888,  0.85625271,  0.35813731],\n       [ 0.64603434,  0.74070983, -0.16993378, -0.07149182]])", "n_samples_seen_": 150.0, "mean_": "array([5.84333333, 3.05733333, 3.758     , 1.19933333])", "var_": "array([0.68112222, 0.18871289, 3.09550267, 0.57713289])", "singular_values_": "array([25.09027575,  6.00578578])", "explained_variance_": "array([4.22497945, 0.24207693])", "explained_variance_ratio_": "array([0.92390534, 0.05293663])", "noise_variance_": 0.030746082730584094, "n_features_in_": 4, "batch_size_": 50, "n_components_": 2}, "args": {}, "kwargs": {}}, "return": "array([[ 16.4336987 , -12.59160191,  -6.90190343,  -2.8791841 ],\n       [-12.59160191,  16.7126596 ,   5.92579905,   2.4872624 ],\n       [ -6.90190343,   5.92579905,   8.03214377, -10.24619278],\n       [ -2.8791841 ,   2.4872624 , -10.24619278,  28.2380407 ]])"}, "name": "get_precision"}
