{"types": {}, "values": {"inputs": {"self": {}, "args": {"w": "array([-1.41537074, -0.42064532, -0.34271452, -0.80227727, -0.16128571,\n        0.40405086,  1.8861859 ,  0.17457781,  0.25755039, -0.07444592])", "W": "array([[ 0.06188762,  0.44805453,  0.19662561,  0.42779857, -0.0987147 ,\n         0.09089694,  0.34626918,  0.64169389,  0.05389679,  0.14546034],\n       [-0.49548501, -0.43983328, -0.08123985,  0.1885019 ,  0.0805938 ,\n        -0.32266894, -0.31926922,  0.43096237,  0.32782716,  0.11474214],\n       [-0.22215168, -0.30715398, -0.22156678,  0.14325236,  0.51552596,\n         0.30887548,  0.59425118, -0.01470648, -0.01592824, -0.26817245],\n       [ 0.0783565 , -0.44483055,  0.67563716, -0.38357625,  0.01753   ,\n        -0.01235113,  0.24129189,  0.18928728, -0.20377714,  0.23734638],\n       [-0.49266583,  0.01863768, -0.14585314,  0.07708222, -0.1915441 ,\n         0.42113249, -0.07253819, -0.10551368, -0.45858204,  0.53757239],\n       [ 0.30131677,  0.05115862, -0.24921866, -0.25263598,  0.3463971 ,\n         0.1600109 ,  0.02729   ,  0.01044951,  0.46694026,  0.64511591],\n       [ 0.03900968, -0.19798471, -0.44534244, -0.18915355, -0.59970902,\n        -0.30116027,  0.51195339,  0.04657492,  0.04838044,  0.09064641],\n       [-0.57229677,  0.51158368,  0.11779335, -0.5137687 ,  0.1387991 ,\n        -0.22247383,  0.18683504, -0.04142295,  0.15235136, -0.06581094],\n       [-0.09916722, -0.00380836,  0.31368676,  0.49308672,  0.01115942,\n        -0.34633458,  0.25238623, -0.58139213,  0.20335482,  0.29236362],\n       [-0.15093879, -0.09839289,  0.23489024, -0.03413174, -0.42657357,\n         0.57355913, -0.00998147, -0.1153699 ,  0.59380988, -0.18504814]])", "j": 10}, "kwargs": {}}, "return": "array([-2.22044605e-16,  2.22044605e-16,  1.27675648e-15,  4.44089210e-16,\n        2.22044605e-16,  8.32667268e-16, -2.44249065e-15,  8.32667268e-17,\n       -3.33066907e-16,  2.08166817e-16])"}, "name": "_gs_decorrelation"}
{"types": {}, "values": {"inputs": {"self": {}, "args": {"w": "array([-1.91877122, -0.02651388,  0.06023021,  2.46324211, -0.19236096,\n        0.30154734, -0.03471177, -1.16867804,  1.14282281,  0.75193303])", "W": "array([[ 0.06188762,  0.44805453,  0.19662561,  0.42779857, -0.0987147 ,\n         0.09089694,  0.34626918,  0.64169389,  0.05389679,  0.14546034],\n       [-0.49548501, -0.43983328, -0.08123985,  0.1885019 ,  0.0805938 ,\n        -0.32266894, -0.31926922,  0.43096237,  0.32782716,  0.11474214],\n       [-0.22215168, -0.30715398, -0.22156678,  0.14325236,  0.51552596,\n         0.30887548,  0.59425118, -0.01470648, -0.01592824, -0.26817245],\n       [ 0.0783565 , -0.44483055,  0.67563716, -0.38357625,  0.01753   ,\n        -0.01235113,  0.24129189,  0.18928728, -0.20377714,  0.23734638],\n       [-0.49266583,  0.01863768, -0.14585314,  0.07708222, -0.1915441 ,\n         0.42113249, -0.07253819, -0.10551368, -0.45858204,  0.53757239],\n       [ 0.30131677,  0.05115862, -0.24921866, -0.25263598,  0.3463971 ,\n         0.1600109 ,  0.02729   ,  0.01044951,  0.46694026,  0.64511591],\n       [ 0.03900968, -0.19798471, -0.44534244, -0.18915355, -0.59970902,\n        -0.30116027,  0.51195339,  0.04657492,  0.04838044,  0.09064641],\n       [-0.57229677,  0.51158368,  0.11779335, -0.5137687 ,  0.1387991 ,\n        -0.22247383,  0.18683504, -0.04142295,  0.15235136, -0.06581094],\n       [-0.09916722, -0.00380836,  0.31368676,  0.49308672,  0.01115942,\n        -0.34633458,  0.25238623, -0.58139213,  0.20335482,  0.29236362],\n       [-0.15093879, -0.09839289,  0.23489024, -0.03413174, -0.42657357,\n         0.57355913, -0.00998147, -0.1153699 ,  0.59380988, -0.18504814]])", "j": 5}, "kwargs": {}}, "return": "array([-0.44616582, -0.08979477,  1.29805648,  1.3659352 , -0.26596034,\n       -0.0521284 ,  0.33012004, -1.57249759,  1.03409287,  0.31465856])"}, "name": "_gs_decorrelation"}
{"types": {}, "values": {"inputs": {"self": {}, "args": {"w": "array([-0.14507507, -0.32804372])", "W": "array([[0., 0.],\n       [0., 0.]])", "j": 0}, "kwargs": {}}, "return": "array([-0.14507507, -0.32804372])"}, "name": "_gs_decorrelation"}
{"types": {}, "values": {"inputs": {"self": {}, "args": {"w": "array([-0.20329296,  0.51189243])", "W": "array([[0., 0.],\n       [0., 0.]])", "j": 0}, "kwargs": {}}, "return": "array([-0.20329296,  0.51189243])"}, "name": "_gs_decorrelation"}
{"types": {}, "values": {"inputs": {"self": {}, "args": {"w": "array([ 0.17517898, -0.87058846])", "W": "array([[0., 0.],\n       [0., 0.]])", "j": 0}, "kwargs": {}}, "return": "array([ 0.17517898, -0.87058846])"}, "name": "_gs_decorrelation"}
