{"types": {}, "values": {"inputs": {"self": {}, "args": {"a": "array([[ 8.73101582,  8.85617874],\n       [11.61311169, 11.58774351],\n       [10.86083514, 11.06253959],\n       [ 9.45576027,  8.50606967],\n       [11.30441509, 11.04867001],\n       [ 8.63708065,  9.02077816],\n       [ 8.34792066,  9.1851129 ],\n       [11.06197897, 11.15126501],\n       [11.24563175,  9.36888267],\n       [10.83455241,  8.70101808],\n       [11.49211627, 11.48095194],\n       [10.6448857 , 10.20768141],\n       [10.491806  ,  9.38775868],\n       [11.08330999,  9.39065561],\n       [10.83872922,  9.48897803],\n       [11.37890079,  8.93799596],\n       [11.70562094, 11.16006288],\n       [10.95871246, 11.1642394 ],\n       [11.59763163, 10.91793669],\n       [11.05761743, 11.5817094 ],\n       [ 8.35444086,  8.91490389],\n       [ 8.79613913,  8.82477028],\n       [11.00420001,  9.7143482 ],\n       [11.90790185, 10.41825373],\n       [11.39149519, 11.89635728],\n       [ 8.31749192,  9.78031016],\n       [11.59530088,  9.75835567],\n       [11.17754529, 11.13346973],\n       [11.01830341, 10.92512646],\n       [11.75326028,  8.46089638],\n       [11.74702358,  9.36241786],\n       [10.53075064,  9.77744847],\n       [ 8.67474149,  8.30948696],\n       [11.05076484,  9.16079575],\n       [ 8.79567794,  8.52774713],\n       [11.18626498,  8.38550253],\n       [10.57169895,  9.42178069],\n       [ 8.65168114,  8.76846013],\n       [11.12522708, 10.6583617 ],\n       [ 8.87537899,  9.02246614],\n       [ 9.29163622,  9.05159316],\n       [11.38003537, 10.93945712],\n       [ 8.74627116,  8.85490353],\n       [10.65550973,  9.76402598],\n       [ 8.49888186,  9.31099614],\n       [ 8.64181338,  9.154761  ],\n       [10.84506927, 10.8790789 ],\n       [ 8.98872711,  9.17133275],\n       [11.7470232 , 10.60908885],\n       [10.89279865,  9.32098256],\n       [11.14254656,  9.28262927],\n       [ 9.02660689,  9.12098876],\n       [ 9.16093666,  8.72607596],\n       [11.47151183,  8.92803007],\n       [11.76917681,  9.59220592],\n       [ 9.97880407, 11.26144744],\n       [ 8.58057881,  8.43199283],\n       [10.53394006,  9.36033059],\n       [11.34577448, 10.70313399],\n       [ 9.07097046,  8.83928763]])", "b": "array([[ 8.73101582, 11.61311169, 10.86083514,  9.45576027, 11.30441509,\n         8.63708065,  8.34792066, 11.06197897, 11.24563175, 10.83455241,\n        11.49211627, 10.6448857 , 10.491806  , 11.08330999, 10.83872922,\n        11.37890079, 11.70562094, 10.95871246, 11.59763163, 11.05761743,\n         8.35444086,  8.79613913, 11.00420001, 11.90790185, 11.39149519,\n         8.31749192, 11.59530088, 11.17754529, 11.01830341, 11.75326028,\n        11.74702358, 10.53075064,  8.67474149, 11.05076484,  8.79567794,\n        11.18626498, 10.57169895,  8.65168114, 11.12522708,  8.87537899,\n         9.29163622, 11.38003537,  8.74627116, 10.65550973,  8.49888186,\n         8.64181338, 10.84506927,  8.98872711, 11.7470232 , 10.89279865,\n        11.14254656,  9.02660689,  9.16093666, 11.47151183, 11.76917681,\n         9.97880407,  8.58057881, 10.53394006, 11.34577448,  9.07097046],\n       [ 8.85617874, 11.58774351, 11.06253959,  8.50606967, 11.04867001,\n         9.02077816,  9.1851129 , 11.15126501,  9.36888267,  8.70101808,\n        11.48095194, 10.20768141,  9.38775868,  9.39065561,  9.48897803,\n         8.93799596, 11.16006288, 11.1642394 , 10.91793669, 11.5817094 ,\n         8.91490389,  8.82477028,  9.7143482 , 10.41825373, 11.89635728,\n         9.78031016,  9.75835567, 11.13346973, 10.92512646,  8.46089638,\n         9.36241786,  9.77744847,  8.30948696,  9.16079575,  8.52774713,\n         8.38550253,  9.42178069,  8.76846013, 10.6583617 ,  9.02246614,\n         9.05159316, 10.93945712,  8.85490353,  9.76402598,  9.31099614,\n         9.154761  , 10.8790789 ,  9.17133275, 10.60908885,  9.32098256,\n         9.28262927,  9.12098876,  8.72607596,  8.92803007,  9.59220592,\n        11.26144744,  8.43199283,  9.36033059, 10.70313399,  8.83928763]])", "dense_output": true}, "kwargs": {}}, "return": "array([[154.66253906, 204.0173895 , 192.79795129, ..., 174.86875812,\n        193.84900414, 157.48109768],\n       [204.0173895 , 269.14016263, 254.31796277, ..., 230.79693253,\n        255.78491762, 207.76959081],\n       [192.79795129, 254.31796277, 240.33752207, ..., 217.95641417,\n        241.62842966, 196.30328398],\n       ...,\n       [174.86875812, 230.79693253, 217.95641417, ..., 198.57968211,\n        219.70058091, 178.29171351],\n       [193.84900414, 255.78491762, 241.62842966, ..., 219.70058091,\n        243.28367579, 197.52526496],\n       [157.48109768, 207.76959081, 196.30328398, ..., 178.29171351,\n        197.52526496, 160.41551076]], shape=(60, 60))"}, "name": "safe_sparse_dot"}
{"types": {}, "values": {"inputs": {"self": {}, "args": {"a": "array([[ 8.73101582,  8.85617874],\n       [11.61311169, 11.58774351],\n       [10.86083514, 11.06253959],\n       [ 9.45576027,  8.50606967],\n       [11.30441509, 11.04867001],\n       [ 8.63708065,  9.02077816],\n       [ 8.34792066,  9.1851129 ],\n       [11.06197897, 11.15126501],\n       [11.24563175,  9.36888267],\n       [10.83455241,  8.70101808],\n       [11.49211627, 11.48095194],\n       [10.6448857 , 10.20768141],\n       [10.491806  ,  9.38775868],\n       [11.08330999,  9.39065561],\n       [10.83872922,  9.48897803],\n       [11.37890079,  8.93799596],\n       [11.70562094, 11.16006288],\n       [10.95871246, 11.1642394 ],\n       [11.59763163, 10.91793669],\n       [11.05761743, 11.5817094 ],\n       [ 8.35444086,  8.91490389],\n       [ 8.79613913,  8.82477028],\n       [11.00420001,  9.7143482 ],\n       [11.90790185, 10.41825373],\n       [11.39149519, 11.89635728],\n       [ 8.31749192,  9.78031016],\n       [11.59530088,  9.75835567],\n       [11.17754529, 11.13346973],\n       [11.01830341, 10.92512646],\n       [11.75326028,  8.46089638],\n       [11.74702358,  9.36241786],\n       [10.53075064,  9.77744847],\n       [ 8.67474149,  8.30948696],\n       [11.05076484,  9.16079575],\n       [ 8.79567794,  8.52774713],\n       [11.18626498,  8.38550253],\n       [10.57169895,  9.42178069],\n       [ 8.65168114,  8.76846013],\n       [11.12522708, 10.6583617 ],\n       [ 8.87537899,  9.02246614],\n       [ 9.29163622,  9.05159316],\n       [11.38003537, 10.93945712],\n       [ 8.74627116,  8.85490353],\n       [10.65550973,  9.76402598],\n       [ 8.49888186,  9.31099614],\n       [ 8.64181338,  9.154761  ],\n       [10.84506927, 10.8790789 ],\n       [ 8.98872711,  9.17133275],\n       [11.7470232 , 10.60908885],\n       [10.89279865,  9.32098256],\n       [11.14254656,  9.28262927],\n       [ 9.02660689,  9.12098876],\n       [ 9.16093666,  8.72607596],\n       [11.47151183,  8.92803007],\n       [11.76917681,  9.59220592],\n       [ 9.97880407, 11.26144744],\n       [ 8.58057881,  8.43199283],\n       [10.53394006,  9.36033059],\n       [11.34577448, 10.70313399],\n       [ 9.07097046,  8.83928763]])", "b": "array([[ 8.73101582, 11.61311169, 10.86083514,  9.45576027, 11.30441509,\n         8.63708065,  8.34792066, 11.06197897, 11.24563175, 10.83455241,\n        11.49211627, 10.6448857 , 10.491806  , 11.08330999, 10.83872922,\n        11.37890079, 11.70562094, 10.95871246, 11.59763163, 11.05761743,\n         8.35444086,  8.79613913, 11.00420001, 11.90790185, 11.39149519,\n         8.31749192, 11.59530088, 11.17754529, 11.01830341, 11.75326028,\n        11.74702358, 10.53075064,  8.67474149, 11.05076484,  8.79567794,\n        11.18626498, 10.57169895,  8.65168114, 11.12522708,  8.87537899,\n         9.29163622, 11.38003537,  8.74627116, 10.65550973,  8.49888186,\n         8.64181338, 10.84506927,  8.98872711, 11.7470232 , 10.89279865,\n        11.14254656,  9.02660689,  9.16093666, 11.47151183, 11.76917681,\n         9.97880407,  8.58057881, 10.53394006, 11.34577448,  9.07097046],\n       [ 8.85617874, 11.58774351, 11.06253959,  8.50606967, 11.04867001,\n         9.02077816,  9.1851129 , 11.15126501,  9.36888267,  8.70101808,\n        11.48095194, 10.20768141,  9.38775868,  9.39065561,  9.48897803,\n         8.93799596, 11.16006288, 11.1642394 , 10.91793669, 11.5817094 ,\n         8.91490389,  8.82477028,  9.7143482 , 10.41825373, 11.89635728,\n         9.78031016,  9.75835567, 11.13346973, 10.92512646,  8.46089638,\n         9.36241786,  9.77744847,  8.30948696,  9.16079575,  8.52774713,\n         8.38550253,  9.42178069,  8.76846013, 10.6583617 ,  9.02246614,\n         9.05159316, 10.93945712,  8.85490353,  9.76402598,  9.31099614,\n         9.154761  , 10.8790789 ,  9.17133275, 10.60908885,  9.32098256,\n         9.28262927,  9.12098876,  8.72607596,  8.92803007,  9.59220592,\n        11.26144744,  8.43199283,  9.36033059, 10.70313399,  8.83928763]])", "dense_output": true}, "kwargs": {}}, "return": "array([[154.66253906, 204.0173895 , 192.79795129, ..., 174.86875812,\n        193.84900414, 157.48109768],\n       [204.0173895 , 269.14016263, 254.31796277, ..., 230.79693253,\n        255.78491762, 207.76959081],\n       [192.79795129, 254.31796277, 240.33752207, ..., 217.95641417,\n        241.62842966, 196.30328398],\n       ...,\n       [174.86875812, 230.79693253, 217.95641417, ..., 198.57968211,\n        219.70058091, 178.29171351],\n       [193.84900414, 255.78491762, 241.62842966, ..., 219.70058091,\n        243.28367579, 197.52526496],\n       [157.48109768, 207.76959081, 196.30328398, ..., 178.29171351,\n        197.52526496, 160.41551076]], shape=(60, 60))"}, "name": "safe_sparse_dot"}
{"types": {}, "values": {"inputs": {"self": {}, "args": {"a": "array([[ 8.73101582,  8.85617874],\n       [11.61311169, 11.58774351],\n       [10.86083514, 11.06253959],\n       [ 9.45576027,  8.50606967],\n       [11.30441509, 11.04867001],\n       [ 8.63708065,  9.02077816],\n       [ 8.34792066,  9.1851129 ],\n       [11.06197897, 11.15126501],\n       [11.24563175,  9.36888267],\n       [10.83455241,  8.70101808],\n       [11.49211627, 11.48095194],\n       [10.6448857 , 10.20768141],\n       [10.491806  ,  9.38775868],\n       [11.08330999,  9.39065561],\n       [10.83872922,  9.48897803],\n       [11.37890079,  8.93799596],\n       [11.70562094, 11.16006288],\n       [10.95871246, 11.1642394 ],\n       [11.59763163, 10.91793669],\n       [11.05761743, 11.5817094 ],\n       [ 8.35444086,  8.91490389],\n       [ 8.79613913,  8.82477028],\n       [11.00420001,  9.7143482 ],\n       [11.90790185, 10.41825373],\n       [11.39149519, 11.89635728],\n       [ 8.31749192,  9.78031016],\n       [11.59530088,  9.75835567],\n       [11.17754529, 11.13346973],\n       [11.01830341, 10.92512646],\n       [11.75326028,  8.46089638],\n       [11.74702358,  9.36241786],\n       [10.53075064,  9.77744847],\n       [ 8.67474149,  8.30948696],\n       [11.05076484,  9.16079575],\n       [ 8.79567794,  8.52774713],\n       [11.18626498,  8.38550253],\n       [10.57169895,  9.42178069],\n       [ 8.65168114,  8.76846013],\n       [11.12522708, 10.6583617 ],\n       [ 8.87537899,  9.02246614],\n       [ 9.29163622,  9.05159316],\n       [11.38003537, 10.93945712],\n       [ 8.74627116,  8.85490353],\n       [10.65550973,  9.76402598],\n       [ 8.49888186,  9.31099614],\n       [ 8.64181338,  9.154761  ],\n       [10.84506927, 10.8790789 ],\n       [ 8.98872711,  9.17133275],\n       [11.7470232 , 10.60908885],\n       [10.89279865,  9.32098256],\n       [11.14254656,  9.28262927],\n       [ 9.02660689,  9.12098876],\n       [ 9.16093666,  8.72607596],\n       [11.47151183,  8.92803007],\n       [11.76917681,  9.59220592],\n       [ 9.97880407, 11.26144744],\n       [ 8.58057881,  8.43199283],\n       [10.53394006,  9.36033059],\n       [11.34577448, 10.70313399],\n       [ 9.07097046,  8.83928763]])", "b": "array([[ 8.73101582, 11.61311169, 10.86083514,  9.45576027, 11.30441509,\n         8.63708065,  8.34792066, 11.06197897, 11.24563175, 10.83455241,\n        11.49211627, 10.6448857 , 10.491806  , 11.08330999, 10.83872922,\n        11.37890079, 11.70562094, 10.95871246, 11.59763163, 11.05761743,\n         8.35444086,  8.79613913, 11.00420001, 11.90790185, 11.39149519,\n         8.31749192, 11.59530088, 11.17754529, 11.01830341, 11.75326028,\n        11.74702358, 10.53075064,  8.67474149, 11.05076484,  8.79567794,\n        11.18626498, 10.57169895,  8.65168114, 11.12522708,  8.87537899,\n         9.29163622, 11.38003537,  8.74627116, 10.65550973,  8.49888186,\n         8.64181338, 10.84506927,  8.98872711, 11.7470232 , 10.89279865,\n        11.14254656,  9.02660689,  9.16093666, 11.47151183, 11.76917681,\n         9.97880407,  8.58057881, 10.53394006, 11.34577448,  9.07097046],\n       [ 8.85617874, 11.58774351, 11.06253959,  8.50606967, 11.04867001,\n         9.02077816,  9.1851129 , 11.15126501,  9.36888267,  8.70101808,\n        11.48095194, 10.20768141,  9.38775868,  9.39065561,  9.48897803,\n         8.93799596, 11.16006288, 11.1642394 , 10.91793669, 11.5817094 ,\n         8.91490389,  8.82477028,  9.7143482 , 10.41825373, 11.89635728,\n         9.78031016,  9.75835567, 11.13346973, 10.92512646,  8.46089638,\n         9.36241786,  9.77744847,  8.30948696,  9.16079575,  8.52774713,\n         8.38550253,  9.42178069,  8.76846013, 10.6583617 ,  9.02246614,\n         9.05159316, 10.93945712,  8.85490353,  9.76402598,  9.31099614,\n         9.154761  , 10.8790789 ,  9.17133275, 10.60908885,  9.32098256,\n         9.28262927,  9.12098876,  8.72607596,  8.92803007,  9.59220592,\n        11.26144744,  8.43199283,  9.36033059, 10.70313399,  8.83928763]])", "dense_output": true}, "kwargs": {}}, "return": "array([[154.66253906, 204.0173895 , 192.79795129, ..., 174.86875812,\n        193.84900414, 157.48109768],\n       [204.0173895 , 269.14016263, 254.31796277, ..., 230.79693253,\n        255.78491762, 207.76959081],\n       [192.79795129, 254.31796277, 240.33752207, ..., 217.95641417,\n        241.62842966, 196.30328398],\n       ...,\n       [174.86875812, 230.79693253, 217.95641417, ..., 198.57968211,\n        219.70058091, 178.29171351],\n       [193.84900414, 255.78491762, 241.62842966, ..., 219.70058091,\n        243.28367579, 197.52526496],\n       [157.48109768, 207.76959081, 196.30328398, ..., 178.29171351,\n        197.52526496, 160.41551076]], shape=(60, 60))"}, "name": "safe_sparse_dot"}
{"types": {}, "values": {"inputs": {"self": {}, "args": {"a": "array([[ 8.73101582,  8.85617874],\n       [11.61311169, 11.58774351],\n       [10.86083514, 11.06253959],\n       [ 9.45576027,  8.50606967],\n       [11.30441509, 11.04867001],\n       [ 8.63708065,  9.02077816],\n       [ 8.34792066,  9.1851129 ],\n       [11.06197897, 11.15126501],\n       [11.24563175,  9.36888267],\n       [10.83455241,  8.70101808],\n       [11.49211627, 11.48095194],\n       [10.6448857 , 10.20768141],\n       [10.491806  ,  9.38775868],\n       [11.08330999,  9.39065561],\n       [10.83872922,  9.48897803],\n       [11.37890079,  8.93799596],\n       [11.70562094, 11.16006288],\n       [10.95871246, 11.1642394 ],\n       [11.59763163, 10.91793669],\n       [11.05761743, 11.5817094 ],\n       [ 8.35444086,  8.91490389],\n       [ 8.79613913,  8.82477028],\n       [11.00420001,  9.7143482 ],\n       [11.90790185, 10.41825373],\n       [11.39149519, 11.89635728],\n       [ 8.31749192,  9.78031016],\n       [11.59530088,  9.75835567],\n       [11.17754529, 11.13346973],\n       [11.01830341, 10.92512646],\n       [11.75326028,  8.46089638],\n       [11.74702358,  9.36241786],\n       [10.53075064,  9.77744847],\n       [ 8.67474149,  8.30948696],\n       [11.05076484,  9.16079575],\n       [ 8.79567794,  8.52774713],\n       [11.18626498,  8.38550253],\n       [10.57169895,  9.42178069],\n       [ 8.65168114,  8.76846013],\n       [11.12522708, 10.6583617 ],\n       [ 8.87537899,  9.02246614],\n       [ 9.29163622,  9.05159316],\n       [11.38003537, 10.93945712],\n       [ 8.74627116,  8.85490353],\n       [10.65550973,  9.76402598],\n       [ 8.49888186,  9.31099614],\n       [ 8.64181338,  9.154761  ],\n       [10.84506927, 10.8790789 ],\n       [ 8.98872711,  9.17133275],\n       [11.7470232 , 10.60908885],\n       [10.89279865,  9.32098256],\n       [11.14254656,  9.28262927],\n       [ 9.02660689,  9.12098876],\n       [ 9.16093666,  8.72607596],\n       [11.47151183,  8.92803007],\n       [11.76917681,  9.59220592],\n       [ 9.97880407, 11.26144744],\n       [ 8.58057881,  8.43199283],\n       [10.53394006,  9.36033059],\n       [11.34577448, 10.70313399],\n       [ 9.07097046,  8.83928763]])", "b": "array([[ 8.73101582, 11.61311169, 10.86083514,  9.45576027, 11.30441509,\n         8.63708065,  8.34792066, 11.06197897, 11.24563175, 10.83455241,\n        11.49211627, 10.6448857 , 10.491806  , 11.08330999, 10.83872922,\n        11.37890079, 11.70562094, 10.95871246, 11.59763163, 11.05761743,\n         8.35444086,  8.79613913, 11.00420001, 11.90790185, 11.39149519,\n         8.31749192, 11.59530088, 11.17754529, 11.01830341, 11.75326028,\n        11.74702358, 10.53075064,  8.67474149, 11.05076484,  8.79567794,\n        11.18626498, 10.57169895,  8.65168114, 11.12522708,  8.87537899,\n         9.29163622, 11.38003537,  8.74627116, 10.65550973,  8.49888186,\n         8.64181338, 10.84506927,  8.98872711, 11.7470232 , 10.89279865,\n        11.14254656,  9.02660689,  9.16093666, 11.47151183, 11.76917681,\n         9.97880407,  8.58057881, 10.53394006, 11.34577448,  9.07097046],\n       [ 8.85617874, 11.58774351, 11.06253959,  8.50606967, 11.04867001,\n         9.02077816,  9.1851129 , 11.15126501,  9.36888267,  8.70101808,\n        11.48095194, 10.20768141,  9.38775868,  9.39065561,  9.48897803,\n         8.93799596, 11.16006288, 11.1642394 , 10.91793669, 11.5817094 ,\n         8.91490389,  8.82477028,  9.7143482 , 10.41825373, 11.89635728,\n         9.78031016,  9.75835567, 11.13346973, 10.92512646,  8.46089638,\n         9.36241786,  9.77744847,  8.30948696,  9.16079575,  8.52774713,\n         8.38550253,  9.42178069,  8.76846013, 10.6583617 ,  9.02246614,\n         9.05159316, 10.93945712,  8.85490353,  9.76402598,  9.31099614,\n         9.154761  , 10.8790789 ,  9.17133275, 10.60908885,  9.32098256,\n         9.28262927,  9.12098876,  8.72607596,  8.92803007,  9.59220592,\n        11.26144744,  8.43199283,  9.36033059, 10.70313399,  8.83928763]])", "dense_output": true}, "kwargs": {}}, "return": "array([[154.66253906, 204.0173895 , 192.79795129, ..., 174.86875812,\n        193.84900414, 157.48109768],\n       [204.0173895 , 269.14016263, 254.31796277, ..., 230.79693253,\n        255.78491762, 207.76959081],\n       [192.79795129, 254.31796277, 240.33752207, ..., 217.95641417,\n        241.62842966, 196.30328398],\n       ...,\n       [174.86875812, 230.79693253, 217.95641417, ..., 198.57968211,\n        219.70058091, 178.29171351],\n       [193.84900414, 255.78491762, 241.62842966, ..., 219.70058091,\n        243.28367579, 197.52526496],\n       [157.48109768, 207.76959081, 196.30328398, ..., 178.29171351,\n        197.52526496, 160.41551076]], shape=(60, 60))"}, "name": "safe_sparse_dot"}
{"types": {}, "values": {"inputs": {"self": {}, "args": {"a": "array([[ 8.73101582,  8.85617874],\n       [11.61311169, 11.58774351],\n       [10.86083514, 11.06253959],\n       [ 9.45576027,  8.50606967],\n       [11.30441509, 11.04867001],\n       [ 8.63708065,  9.02077816],\n       [ 8.34792066,  9.1851129 ],\n       [11.06197897, 11.15126501],\n       [11.24563175,  9.36888267],\n       [10.83455241,  8.70101808],\n       [11.49211627, 11.48095194],\n       [10.6448857 , 10.20768141],\n       [10.491806  ,  9.38775868],\n       [11.08330999,  9.39065561],\n       [10.83872922,  9.48897803],\n       [11.37890079,  8.93799596],\n       [11.70562094, 11.16006288],\n       [10.95871246, 11.1642394 ],\n       [11.59763163, 10.91793669],\n       [11.05761743, 11.5817094 ],\n       [ 8.35444086,  8.91490389],\n       [ 8.79613913,  8.82477028],\n       [11.00420001,  9.7143482 ],\n       [11.90790185, 10.41825373],\n       [11.39149519, 11.89635728],\n       [ 8.31749192,  9.78031016],\n       [11.59530088,  9.75835567],\n       [11.17754529, 11.13346973],\n       [11.01830341, 10.92512646],\n       [11.75326028,  8.46089638],\n       [11.74702358,  9.36241786],\n       [10.53075064,  9.77744847],\n       [ 8.67474149,  8.30948696],\n       [11.05076484,  9.16079575],\n       [ 8.79567794,  8.52774713],\n       [11.18626498,  8.38550253],\n       [10.57169895,  9.42178069],\n       [ 8.65168114,  8.76846013],\n       [11.12522708, 10.6583617 ],\n       [ 8.87537899,  9.02246614],\n       [ 9.29163622,  9.05159316],\n       [11.38003537, 10.93945712],\n       [ 8.74627116,  8.85490353],\n       [10.65550973,  9.76402598],\n       [ 8.49888186,  9.31099614],\n       [ 8.64181338,  9.154761  ],\n       [10.84506927, 10.8790789 ],\n       [ 8.98872711,  9.17133275],\n       [11.7470232 , 10.60908885],\n       [10.89279865,  9.32098256],\n       [11.14254656,  9.28262927],\n       [ 9.02660689,  9.12098876],\n       [ 9.16093666,  8.72607596],\n       [11.47151183,  8.92803007],\n       [11.76917681,  9.59220592],\n       [ 9.97880407, 11.26144744],\n       [ 8.58057881,  8.43199283],\n       [10.53394006,  9.36033059],\n       [11.34577448, 10.70313399],\n       [ 9.07097046,  8.83928763]])", "b": "array([[ 8.73101582, 11.61311169, 10.86083514,  9.45576027, 11.30441509,\n         8.63708065,  8.34792066, 11.06197897, 11.24563175, 10.83455241,\n        11.49211627, 10.6448857 , 10.491806  , 11.08330999, 10.83872922,\n        11.37890079, 11.70562094, 10.95871246, 11.59763163, 11.05761743,\n         8.35444086,  8.79613913, 11.00420001, 11.90790185, 11.39149519,\n         8.31749192, 11.59530088, 11.17754529, 11.01830341, 11.75326028,\n        11.74702358, 10.53075064,  8.67474149, 11.05076484,  8.79567794,\n        11.18626498, 10.57169895,  8.65168114, 11.12522708,  8.87537899,\n         9.29163622, 11.38003537,  8.74627116, 10.65550973,  8.49888186,\n         8.64181338, 10.84506927,  8.98872711, 11.7470232 , 10.89279865,\n        11.14254656,  9.02660689,  9.16093666, 11.47151183, 11.76917681,\n         9.97880407,  8.58057881, 10.53394006, 11.34577448,  9.07097046],\n       [ 8.85617874, 11.58774351, 11.06253959,  8.50606967, 11.04867001,\n         9.02077816,  9.1851129 , 11.15126501,  9.36888267,  8.70101808,\n        11.48095194, 10.20768141,  9.38775868,  9.39065561,  9.48897803,\n         8.93799596, 11.16006288, 11.1642394 , 10.91793669, 11.5817094 ,\n         8.91490389,  8.82477028,  9.7143482 , 10.41825373, 11.89635728,\n         9.78031016,  9.75835567, 11.13346973, 10.92512646,  8.46089638,\n         9.36241786,  9.77744847,  8.30948696,  9.16079575,  8.52774713,\n         8.38550253,  9.42178069,  8.76846013, 10.6583617 ,  9.02246614,\n         9.05159316, 10.93945712,  8.85490353,  9.76402598,  9.31099614,\n         9.154761  , 10.8790789 ,  9.17133275, 10.60908885,  9.32098256,\n         9.28262927,  9.12098876,  8.72607596,  8.92803007,  9.59220592,\n        11.26144744,  8.43199283,  9.36033059, 10.70313399,  8.83928763]])", "dense_output": true}, "kwargs": {}}, "return": "array([[154.66253906, 204.0173895 , 192.79795129, ..., 174.86875812,\n        193.84900414, 157.48109768],\n       [204.0173895 , 269.14016263, 254.31796277, ..., 230.79693253,\n        255.78491762, 207.76959081],\n       [192.79795129, 254.31796277, 240.33752207, ..., 217.95641417,\n        241.62842966, 196.30328398],\n       ...,\n       [174.86875812, 230.79693253, 217.95641417, ..., 198.57968211,\n        219.70058091, 178.29171351],\n       [193.84900414, 255.78491762, 241.62842966, ..., 219.70058091,\n        243.28367579, 197.52526496],\n       [157.48109768, 207.76959081, 196.30328398, ..., 178.29171351,\n        197.52526496, 160.41551076]], shape=(60, 60))"}, "name": "safe_sparse_dot"}
