{"types": {}, "values": {"inputs": {"self": {}, "args": {"mle": "array([[ 1.20220075,  0.23026633,  0.1225483 ,  0.07434177,  0.04937208,\n         0.0640857 , -0.19171464, -0.03848317, -0.01880031, -0.06321718],\n       [ 0.23026633,  1.62390237,  0.84244153, -0.12183395,  0.17692071,\n        -0.01900922,  0.0862742 , -0.05491471, -0.0205502 , -0.20474426],\n       [ 0.1225483 ,  0.84244153,  1.18166989, -0.11115627,  0.1021268 ,\n        -0.03466645,  0.20985439,  0.05967608, -0.09259554,  0.00616318],\n       [ 0.07434177, -0.12183395, -0.11115627,  0.81222117, -0.14482969,\n        -0.0115764 , -0.06056288,  0.11714666, -0.11943044,  0.15779117],\n       [ 0.04937208,  0.17692071,  0.1021268 , -0.14482969,  1.13652388,\n        -0.02364332, -0.04376127, -0.13550722,  0.10115641, -0.18373184],\n       [ 0.0640857 , -0.01900922, -0.03466645, -0.0115764 , -0.02364332,\n         1.12104508, -0.01694442, -0.09983056, -0.12577719, -0.14736257],\n       [-0.19171464,  0.0862742 ,  0.20985439, -0.06056288, -0.04376127,\n        -0.01694442,  0.81887353, -0.09638834,  0.05817165,  0.17252211],\n       [-0.03848317, -0.05491471,  0.05967608,  0.11714666, -0.13550722,\n        -0.09983056, -0.09638834,  1.22093342, -0.14571959,  0.26156179],\n       [-0.01880031, -0.0205502 , -0.09259554, -0.11943044,  0.10115641,\n        -0.12577719,  0.05817165, -0.14571959,  1.04833511,  0.04504013],\n       [-0.06321718, -0.20474426,  0.00616318,  0.15779117, -0.18373184,\n        -0.14736257,  0.17252211,  0.26156179,  0.04504013,  1.15808803]])", "precision_": "array([[ 0.86106765, -0.07504501, -0.        , -0.        , -0.        ,\n        -0.        ,  0.09944186,  0.        ,  0.        ,  0.        ],\n       [-0.07504501,  0.91340765, -0.54469805,  0.01097615, -0.03838799,\n         0.        , -0.        ,  0.        ,  0.        ,  0.05622724],\n       [-0.        , -0.54469805,  1.20427222,  0.00267371, -0.        ,\n         0.        , -0.12455254, -0.        ,  0.        , -0.        ],\n       [-0.        ,  0.01097615,  0.00267371,  1.25244733,  0.04398786,\n         0.        ,  0.        , -0.00753071,  0.02217915, -0.05649323],\n       [-0.        , -0.03838799, -0.        ,  0.04398786,  0.89469813,\n         0.        ,  0.        ,  0.01743892, -0.        ,  0.05625976],\n       [-0.        ,  0.        ,  0.        ,  0.        ,  0.        ,\n         0.89871832,  0.        ,  0.        ,  0.02220055,  0.03663258],\n       [ 0.09944186, -0.        , -0.12455254,  0.        ,  0.        ,\n         0.        ,  1.26695598,  0.00671415, -0.        , -0.08238834],\n       [ 0.        ,  0.        , -0.        , -0.00753071,  0.01743892,\n         0.        ,  0.00671415,  0.8485236 ,  0.03560096, -0.11538016],\n       [ 0.        ,  0.        ,  0.        ,  0.02217915, -0.        ,\n         0.02220055, -0.        ,  0.03560096,  0.95640304, -0.        ],\n       [ 0.        ,  0.05622724, -0.        , -0.05649323,  0.05625976,\n         0.03663258, -0.08238834, -0.11538016, -0.        ,  0.89821845]])", "alpha": 0.1}, "kwargs": {}}, "return": 47.404955234320276}, "name": "_objective"}
{"types": {}, "values": {"inputs": {"self": {}, "args": {"mle": "array([[ 1.20220075,  0.23026633,  0.1225483 ,  0.07434177,  0.04937208,\n         0.0640857 , -0.19171464, -0.03848317, -0.01880031, -0.06321718],\n       [ 0.23026633,  1.62390237,  0.84244153, -0.12183395,  0.17692071,\n        -0.01900922,  0.0862742 , -0.05491471, -0.0205502 , -0.20474426],\n       [ 0.1225483 ,  0.84244153,  1.18166989, -0.11115627,  0.1021268 ,\n        -0.03466645,  0.20985439,  0.05967608, -0.09259554,  0.00616318],\n       [ 0.07434177, -0.12183395, -0.11115627,  0.81222117, -0.14482969,\n        -0.0115764 , -0.06056288,  0.11714666, -0.11943044,  0.15779117],\n       [ 0.04937208,  0.17692071,  0.1021268 , -0.14482969,  1.13652388,\n        -0.02364332, -0.04376127, -0.13550722,  0.10115641, -0.18373184],\n       [ 0.0640857 , -0.01900922, -0.03466645, -0.0115764 , -0.02364332,\n         1.12104508, -0.01694442, -0.09983056, -0.12577719, -0.14736257],\n       [-0.19171464,  0.0862742 ,  0.20985439, -0.06056288, -0.04376127,\n        -0.01694442,  0.81887353, -0.09638834,  0.05817165,  0.17252211],\n       [-0.03848317, -0.05491471,  0.05967608,  0.11714666, -0.13550722,\n        -0.09983056, -0.09638834,  1.22093342, -0.14571959,  0.26156179],\n       [-0.01880031, -0.0205502 , -0.09259554, -0.11943044,  0.10115641,\n        -0.12577719,  0.05817165, -0.14571959,  1.04833511,  0.04504013],\n       [-0.06321718, -0.20474426,  0.00616318,  0.15779117, -0.18373184,\n        -0.14736257,  0.17252211,  0.26156179,  0.04504013,  1.15808803]])", "precision_": "array([[ 0.84715239, -0.07140195, -0.        , -0.        , -0.        ,\n        -0.        ,  0.09976407, -0.        , -0.        , -0.        ],\n       [-0.07140195,  0.87588575, -0.54420333,  0.00981527, -0.03772034,\n        -0.        , -0.        , -0.        , -0.        ,  0.0560682 ],\n       [-0.        , -0.54420333,  1.19970665,  0.00227137, -0.        ,\n        -0.        , -0.12373754, -0.        , -0.        , -0.        ],\n       [-0.        ,  0.00981527,  0.00227137,  1.23860984,  0.0436761 ,\n        -0.        , -0.        , -0.00767055,  0.02217968, -0.05649569],\n       [-0.        , -0.03772034, -0.        ,  0.0436761 ,  0.88883722,\n        -0.        , -0.        ,  0.01727437, -0.        ,  0.05626449],\n       [-0.        , -0.        , -0.        , -0.        , -0.        ,\n         0.89408523, -0.        ,  0.        ,  0.02220327,  0.03668545],\n       [ 0.09976407, -0.        , -0.12373754, -0.        , -0.        ,\n        -0.        ,  1.25623043,  0.00660126, -0.        , -0.08238152],\n       [-0.        , -0.        , -0.        , -0.00767055,  0.01727437,\n         0.        ,  0.00660126,  0.83621961,  0.03560229, -0.11524823],\n       [-0.        , -0.        , -0.        ,  0.02217968, -0.        ,\n         0.02220327, -0.        ,  0.03560229,  0.95640317, -0.        ],\n       [-0.        ,  0.0560682 , -0.        , -0.05649569,  0.05626449,\n         0.03668545, -0.08238152, -0.11524823, -0.        ,  0.89818786]])", "alpha": 0.1}, "kwargs": {}}, "return": 47.402770460714486}, "name": "_objective"}
{"types": {}, "values": {"inputs": {"self": {}, "args": {"mle": "array([[ 1.20220075,  0.23026633,  0.1225483 ,  0.07434177,  0.04937208,\n         0.0640857 , -0.19171464, -0.03848317, -0.01880031, -0.06321718],\n       [ 0.23026633,  1.62390237,  0.84244153, -0.12183395,  0.17692071,\n        -0.01900922,  0.0862742 , -0.05491471, -0.0205502 , -0.20474426],\n       [ 0.1225483 ,  0.84244153,  1.18166989, -0.11115627,  0.1021268 ,\n        -0.03466645,  0.20985439,  0.05967608, -0.09259554,  0.00616318],\n       [ 0.07434177, -0.12183395, -0.11115627,  0.81222117, -0.14482969,\n        -0.0115764 , -0.06056288,  0.11714666, -0.11943044,  0.15779117],\n       [ 0.04937208,  0.17692071,  0.1021268 , -0.14482969,  1.13652388,\n        -0.02364332, -0.04376127, -0.13550722,  0.10115641, -0.18373184],\n       [ 0.0640857 , -0.01900922, -0.03466645, -0.0115764 , -0.02364332,\n         1.12104508, -0.01694442, -0.09983056, -0.12577719, -0.14736257],\n       [-0.19171464,  0.0862742 ,  0.20985439, -0.06056288, -0.04376127,\n        -0.01694442,  0.81887353, -0.09638834,  0.05817165,  0.17252211],\n       [-0.03848317, -0.05491471,  0.05967608,  0.11714666, -0.13550722,\n        -0.09983056, -0.09638834,  1.22093342, -0.14571959,  0.26156179],\n       [-0.01880031, -0.0205502 , -0.09259554, -0.11943044,  0.10115641,\n        -0.12577719,  0.05817165, -0.14571959,  1.04833511,  0.04504013],\n       [-0.06321718, -0.20474426,  0.00616318,  0.15779117, -0.18373184,\n        -0.14736257,  0.17252211,  0.26156179,  0.04504013,  1.15808803]])", "precision_": "array([[ 0.84715514, -0.07139774, -0.        , -0.        , -0.        ,\n        -0.        ,  0.09976501, -0.        , -0.        , -0.        ],\n       [-0.07139774,  0.87587005, -0.54420337,  0.00980895, -0.03770806,\n        -0.        , -0.        , -0.        , -0.        ,  0.05606831],\n       [-0.        , -0.54420337,  1.19970673,  0.00227186, -0.        ,\n        -0.        , -0.12373465, -0.        , -0.        , -0.        ],\n       [-0.        ,  0.00980895,  0.00227186,  1.23860963,  0.04367668,\n        -0.        , -0.        , -0.00767055,  0.02217968, -0.05649565],\n       [-0.        , -0.03770806, -0.        ,  0.04367668,  0.88883573,\n        -0.        , -0.        ,  0.01727437, -0.        ,  0.05626442],\n       [-0.        , -0.        , -0.        , -0.        , -0.        ,\n         0.89408524, -0.        , -0.        ,  0.02220327,  0.03668551],\n       [ 0.09976501, -0.        , -0.12373465, -0.        , -0.        ,\n        -0.        ,  1.25622984,  0.00660128, -0.        , -0.08238173],\n       [-0.        , -0.        , -0.        , -0.00767055,  0.01727437,\n        -0.        ,  0.00660128,  0.83621961,  0.03560229, -0.11524814],\n       [-0.        , -0.        , -0.        ,  0.02217968, -0.        ,\n         0.02220327, -0.        ,  0.03560229,  0.95640317, -0.        ],\n       [-0.        ,  0.05606831, -0.        , -0.05649565,  0.05626442,\n         0.03668551, -0.08238173, -0.11524814, -0.        ,  0.89818787]])", "alpha": 0.1}, "kwargs": {}}, "return": 47.40277046008237}, "name": "_objective"}
{"types": {}, "values": {"inputs": {"self": {}, "args": {"mle": "array([[ 1.20220075,  0.23026633,  0.1225483 ,  0.07434177,  0.04937208,\n         0.0640857 , -0.19171464, -0.03848317, -0.01880031, -0.06321718],\n       [ 0.23026633,  1.62390237,  0.84244153, -0.12183395,  0.17692071,\n        -0.01900922,  0.0862742 , -0.05491471, -0.0205502 , -0.20474426],\n       [ 0.1225483 ,  0.84244153,  1.18166989, -0.11115627,  0.1021268 ,\n        -0.03466645,  0.20985439,  0.05967608, -0.09259554,  0.00616318],\n       [ 0.07434177, -0.12183395, -0.11115627,  0.81222117, -0.14482969,\n        -0.0115764 , -0.06056288,  0.11714666, -0.11943044,  0.15779117],\n       [ 0.04937208,  0.17692071,  0.1021268 , -0.14482969,  1.13652388,\n        -0.02364332, -0.04376127, -0.13550722,  0.10115641, -0.18373184],\n       [ 0.0640857 , -0.01900922, -0.03466645, -0.0115764 , -0.02364332,\n         1.12104508, -0.01694442, -0.09983056, -0.12577719, -0.14736257],\n       [-0.19171464,  0.0862742 ,  0.20985439, -0.06056288, -0.04376127,\n        -0.01694442,  0.81887353, -0.09638834,  0.05817165,  0.17252211],\n       [-0.03848317, -0.05491471,  0.05967608,  0.11714666, -0.13550722,\n        -0.09983056, -0.09638834,  1.22093342, -0.14571959,  0.26156179],\n       [-0.01880031, -0.0205502 , -0.09259554, -0.11943044,  0.10115641,\n        -0.12577719,  0.05817165, -0.14571959,  1.04833511,  0.04504013],\n       [-0.06321718, -0.20474426,  0.00616318,  0.15779117, -0.18373184,\n        -0.14736257,  0.17252211,  0.26156179,  0.04504013,  1.15808803]])", "precision_": "array([[ 0.86106765, -0.07504501, -0.        , -0.        , -0.        ,\n        -0.        ,  0.09944186, -0.        , -0.        , -0.        ],\n       [-0.07504501,  0.91340765, -0.54469805,  0.01097615, -0.03838799,\n        -0.        , -0.        , -0.        , -0.        ,  0.05622724],\n       [-0.        , -0.54469805,  1.20427222,  0.00267371, -0.        ,\n        -0.        , -0.12455254, -0.        , -0.        , -0.        ],\n       [-0.        ,  0.01097615,  0.00267371,  1.25244733,  0.04398786,\n        -0.        , -0.        , -0.00753071,  0.02217915, -0.05649323],\n       [-0.        , -0.03838799, -0.        ,  0.04398786,  0.89469813,\n        -0.        , -0.        ,  0.01743892, -0.        ,  0.05625976],\n       [-0.        , -0.        , -0.        , -0.        , -0.        ,\n         0.89871832, -0.        , -0.        ,  0.02220055,  0.03663258],\n       [ 0.09944186, -0.        , -0.12455254, -0.        , -0.        ,\n        -0.        ,  1.26695598,  0.00671415, -0.        , -0.08238834],\n       [-0.        , -0.        , -0.        , -0.00753071,  0.01743892,\n        -0.        ,  0.00671415,  0.8485236 ,  0.03560096, -0.11538016],\n       [-0.        , -0.        , -0.        ,  0.02217915, -0.        ,\n         0.02220055, -0.        ,  0.03560096,  0.95640304, -0.        ],\n       [-0.        ,  0.05622724, -0.        , -0.05649323,  0.05625976,\n         0.03663258, -0.08238834, -0.11538016, -0.        ,  0.89821845]])", "alpha": 0.1}, "kwargs": {}}, "return": 47.40495523432027}, "name": "_objective"}
{"types": {}, "values": {"inputs": {"self": {}, "args": {"mle": "array([[ 1.20220075,  0.23026633,  0.1225483 ,  0.07434177,  0.04937208,\n         0.0640857 , -0.19171464, -0.03848317, -0.01880031, -0.06321718],\n       [ 0.23026633,  1.62390237,  0.84244153, -0.12183395,  0.17692071,\n        -0.01900922,  0.0862742 , -0.05491471, -0.0205502 , -0.20474426],\n       [ 0.1225483 ,  0.84244153,  1.18166989, -0.11115627,  0.1021268 ,\n        -0.03466645,  0.20985439,  0.05967608, -0.09259554,  0.00616318],\n       [ 0.07434177, -0.12183395, -0.11115627,  0.81222117, -0.14482969,\n        -0.0115764 , -0.06056288,  0.11714666, -0.11943044,  0.15779117],\n       [ 0.04937208,  0.17692071,  0.1021268 , -0.14482969,  1.13652388,\n        -0.02364332, -0.04376127, -0.13550722,  0.10115641, -0.18373184],\n       [ 0.0640857 , -0.01900922, -0.03466645, -0.0115764 , -0.02364332,\n         1.12104508, -0.01694442, -0.09983056, -0.12577719, -0.14736257],\n       [-0.19171464,  0.0862742 ,  0.20985439, -0.06056288, -0.04376127,\n        -0.01694442,  0.81887353, -0.09638834,  0.05817165,  0.17252211],\n       [-0.03848317, -0.05491471,  0.05967608,  0.11714666, -0.13550722,\n        -0.09983056, -0.09638834,  1.22093342, -0.14571959,  0.26156179],\n       [-0.01880031, -0.0205502 , -0.09259554, -0.11943044,  0.10115641,\n        -0.12577719,  0.05817165, -0.14571959,  1.04833511,  0.04504013],\n       [-0.06321718, -0.20474426,  0.00616318,  0.15779117, -0.18373184,\n        -0.14736257,  0.17252211,  0.26156179,  0.04504013,  1.15808803]])", "precision_": "array([[ 0.84715239, -0.07140195, -0.        , -0.        , -0.        ,\n        -0.        ,  0.09976407, -0.        , -0.        , -0.        ],\n       [-0.07140195,  0.87588575, -0.54420333,  0.00981527, -0.03772034,\n        -0.        , -0.        , -0.        , -0.        ,  0.0560682 ],\n       [-0.        , -0.54420333,  1.19970665,  0.00227137, -0.        ,\n        -0.        , -0.12373754, -0.        , -0.        , -0.        ],\n       [-0.        ,  0.00981527,  0.00227137,  1.23860984,  0.0436761 ,\n        -0.        , -0.        , -0.00767055,  0.02217968, -0.05649569],\n       [-0.        , -0.03772034, -0.        ,  0.0436761 ,  0.88883722,\n        -0.        , -0.        ,  0.01727437, -0.        ,  0.05626449],\n       [-0.        , -0.        , -0.        , -0.        , -0.        ,\n         0.89408523, -0.        , -0.        ,  0.02220327,  0.03668545],\n       [ 0.09976407, -0.        , -0.12373754, -0.        , -0.        ,\n        -0.        ,  1.25623043,  0.00660126, -0.        , -0.08238152],\n       [-0.        , -0.        , -0.        , -0.00767055,  0.01727437,\n        -0.        ,  0.00660126,  0.83621961,  0.03560229, -0.11524823],\n       [-0.        , -0.        , -0.        ,  0.02217968, -0.        ,\n         0.02220327, -0.        ,  0.03560229,  0.95640317, -0.        ],\n       [-0.        ,  0.0560682 , -0.        , -0.05649569,  0.05626449,\n         0.03668545, -0.08238152, -0.11524823, -0.        ,  0.89818786]])", "alpha": 0.1}, "kwargs": {}}, "return": 47.40277046071449}, "name": "_objective"}
