{"types": {}, "values": {"inputs": {"self": {}, "args": {"X": "array([[ 1.38185338, -0.84316632],\n       [ 1.13901397, -1.06640531],\n       [ 0.15896755,  1.4375496 ],\n       [ 0.49272569,  1.41998972],\n       [-0.78828285,  1.43900619],\n       [ 0.63087301,  1.52728709],\n       [-0.49293404,  1.29975014],\n       [ 0.60688063, -0.9685423 ],\n       [-0.01513481,  1.53353404],\n       [ 2.09134462, -1.10854482],\n       [-0.70587749, -0.37618696],\n       [ 0.21744038,  1.09554267],\n       [-0.91683873,  1.42751828],\n       [-0.66662614,  1.23228378],\n       [-0.19085076,  1.20285638],\n       [ 1.21726251, -0.91638861],\n       [-0.88741122, -0.19604249],\n       [-0.83330216, -0.55886831],\n       [-0.9927944 , -0.30669324],\n       [-0.42305014, -0.65441556],\n       [ 0.1222683 ,  1.44702324],\n       [-0.88566245, -0.34227578],\n       [ 0.69646718, -0.914972  ],\n       [ 0.11282589,  1.21573047],\n       [ 0.34266156,  1.3454992 ],\n       [-1.01020979, -0.53213764],\n       [ 0.06838107,  1.52268426],\n       [ 0.85704501, -0.87680385],\n       [-0.52848418, -0.29852708],\n       [-1.83922132, -0.42309065],\n       [-0.41571143,  1.08698028],\n       [-0.54178924,  1.27874652],\n       [-1.57442935, -0.15144534],\n       [ 0.88127062, -0.97583453],\n       [ 1.17446276, -1.30947064],\n       [ 0.02455785,  1.38087251],\n       [ 1.52197012, -1.21728159],\n       [ 0.64522748, -1.11793475],\n       [-0.7490958 , -0.27969987],\n       [-0.36977715,  1.29921769],\n       [ 0.9412008 , -0.94020009],\n       [ 0.89932557, -0.96758696],\n       [ 1.55446399, -0.72239776],\n       [-0.80255429, -0.20633103],\n       [ 1.54776342, -0.95102671],\n       [ 1.04936977, -1.07491504],\n       [ 0.95929326, -0.8543827 ],\n       [-1.00072803, -0.60237942],\n       [-0.47069969,  1.4351228 ],\n       [ 0.95223137, -1.04603154],\n       [ 1.05577323, -1.33145469],\n       [ 1.51204831, -0.96347153],\n       [-1.31578143, -0.36426743],\n       [-1.12135331, -0.37771348],\n       [ 0.32417459,  0.86395999],\n       [ 1.19468912, -0.97279897],\n       [-1.27284112, -0.52076393],\n       [ 1.13262799, -1.29555243],\n       [-1.33955152, -0.23051748],\n       [-1.03149962, -0.29076706],\n       [ 1.60163329, -0.59548958],\n       [ 1.37970334, -1.11621534],\n       [ 1.1949233 , -0.60835449],\n       [ 0.93140802, -1.00969366],\n       [ 1.03631063, -1.04816058],\n       [-0.67560537,  1.08341037],\n       [-1.273816  , -0.29368688],\n       [ 0.43973475,  1.33193141],\n       [-0.79317909, -0.7203646 ],\n       [-1.9133799 , -0.23815318],\n       [-0.67176282, -0.11313666],\n       [-0.21059615,  1.214282  ],\n       [-1.40168096, -0.28089461],\n       [-0.88685704, -0.45361778],\n       [-0.03080323,  1.4128665 ],\n       [ 1.1792273 , -0.91891256],\n       [-1.03773626, -0.42907796],\n       [-0.17030939,  1.35015122],\n       [-1.19311534, -0.49208977],\n       [-0.31597134,  1.4373612 ],\n       [ 1.36016767, -1.04635013],\n       [-1.11713697, -0.36006841],\n       [ 0.32611381,  1.17731275],\n       [ 1.06290741, -0.92720493],\n       [ 1.07251834, -0.94389442],\n       [ 1.05742325, -1.110872  ],\n       [-1.30465273, -0.44811969],\n       [-1.04671636, -0.35027868],\n       [ 1.6101298 , -1.10736215],\n       [ 2.08731081, -0.84329603],\n       [ 0.98697806, -1.1710132 ],\n       [ 0.35115656,  1.29384384],\n       [-0.69478218, -0.17542262],\n       [ 0.56947114, -1.0256852 ],\n       [ 1.19784917, -1.24930305],\n       [ 0.45104467, -0.89082171],\n       [-0.98009254, -0.3361875 ],\n       [-0.08620273,  1.20537661],\n       [ 0.99291299, -0.83183102],\n       [ 0.00993452,  1.34162449],\n       [ 1.5565995 , -1.10189337],\n       [-0.30718869,  1.47783439],\n       [-1.59842977, -0.34542446],\n       [-0.23180751, -0.28742791],\n       [-0.09109045,  1.26400822],\n       [ 1.34386146, -1.10545959],\n       [-1.13534218, -0.20404298],\n       [ 0.39025742,  1.43133044],\n       [-1.17333334, -0.14893491],\n       [ 0.861858  ,  1.35974035],\n       [-0.82986597, -0.33507954],\n       [ 1.25115877, -1.04423053],\n       [ 1.20618825, -1.06555124],\n       [ 0.84311219, -1.20157486],\n       [ 0.97131119, -1.07811902],\n       [ 1.91558611, -0.71084016],\n       [-0.04210642,  1.56704531],\n       [-0.5005575 ,  1.36665931],\n       [ 0.08741544,  1.59943963],\n       [-0.75140005, -0.41094298],\n       [-0.37389453,  1.35445049],\n       [ 0.74606971, -1.02422905],\n       [-0.3586324 ,  1.4287035 ],\n       [-1.57766829, -0.46214903],\n       [ 0.25425515, -1.26928322],\n       [ 1.43008146, -1.30308576],\n       [-0.08055637, -0.51351318],\n       [-0.49215754,  1.43566912],\n       [-1.30260937, -0.53869712],\n       [ 0.30520957, -1.02584218],\n       [-1.46549574, -0.39498871],\n       [-0.69377649, -0.30760319],\n       [-0.24104416,  1.46613884],\n       [-1.17709116, -0.36348498],\n       [ 0.14000204,  1.53219032],\n       [-0.74242621, -0.27726907],\n       [-1.56355516, -0.39516352],\n       [-0.23925962,  1.55585703],\n       [-0.99264995, -0.20808461],\n       [ 0.81508697, -0.93993424],\n       [ 0.23530073,  1.06907363],\n       [ 0.96966328, -0.89200586],\n       [ 1.32030773, -1.01377843],\n       [-1.12332344, -0.26713056],\n       [-0.8708997 , -0.41579385],\n       [-0.12652893,  1.29451307],\n       [-1.46159096, -0.20283117],\n       [-0.94457369, -0.26044114],\n       [ 0.72655329,  1.3857437 ],\n       [ 1.26491631, -0.7975762 ],\n       [-1.10925679, -0.35539621],\n       [ 0.15287058,  1.4600871 ],\n       [ 1.02285573, -1.05423747],\n       [ 0.03159973,  1.31259537],\n       [-1.70866373, -0.30324991],\n       [-1.12464527, -0.329676  ],\n       [ 0.68953978, -1.06851781],\n       [ 0.18907937,  1.16990721],\n       [-0.3673758 ,  1.42849872],\n       [-0.00850124,  1.39142801],\n       [-0.31197294,  1.28331833],\n       [ 0.04399145,  1.25854535],\n       [ 1.63193011, -0.95895635],\n       [ 1.08517774, -1.01812982],\n       [ 1.66327141, -0.93474673],\n       [-0.8327122 , -0.29451581],\n       [ 1.12494499, -0.76636413],\n       [-0.52359186,  1.32127719],\n       [-0.71962727,  1.55627764],\n       [ 0.98604082, -1.07050166],\n       [-0.44198637, -0.42586492],\n       [ 0.07723843,  1.3077956 ],\n       [-1.63611791, -0.55420554],\n       [-0.35268261,  1.35792017],\n       [-0.19153302,  1.12336057],\n       [-0.77896278, -0.49216856],\n       [ 0.09777714,  1.28130269],\n       [-1.73295235, -0.37194681],\n       [ 1.43646471, -0.95758473],\n       [ 1.21533294, -0.5951172 ],\n       [-0.54487949,  1.03018672],\n       [ 0.11191199,  1.33490964],\n       [-0.23486163,  1.54192783],\n       [-0.93002079, -0.68530954],\n       [ 0.67879394, -0.82555502],\n       [ 0.41836219,  1.24940919],\n       [-1.55432622, -0.303152  ],\n       [-1.73640256, -0.28507094],\n       [-0.58014965, -0.31439133],\n       [ 0.76138365,  1.57266487],\n       [-1.19323647,  0.01552067],\n       [-1.88974315, -0.29765314],\n       [ 1.64511626, -0.98548475],\n       [-1.61646436, -0.27079958],\n       [-0.71913683, -0.23930085],\n       [ 0.14315685,  1.40730733],\n       [ 1.77792433, -0.88325096],\n       [-1.03312677,  1.14951718],\n       [ 1.70574143, -1.16304904],\n       [-0.38194547,  1.51797776]])", "Y": "array([[ 1.38185338, -0.84316632],\n       [ 1.13901397, -1.06640531],\n       [ 0.15896755,  1.4375496 ],\n       [ 0.49272569,  1.41998972],\n       [-0.78828285,  1.43900619],\n       [ 0.63087301,  1.52728709],\n       [-0.49293404,  1.29975014],\n       [ 0.60688063, -0.9685423 ],\n       [-0.01513481,  1.53353404],\n       [ 2.09134462, -1.10854482],\n       [-0.70587749, -0.37618696],\n       [ 0.21744038,  1.09554267],\n       [-0.91683873,  1.42751828],\n       [-0.66662614,  1.23228378],\n       [-0.19085076,  1.20285638],\n       [ 1.21726251, -0.91638861],\n       [-0.88741122, -0.19604249],\n       [-0.83330216, -0.55886831],\n       [-0.9927944 , -0.30669324],\n       [-0.42305014, -0.65441556],\n       [ 0.1222683 ,  1.44702324],\n       [-0.88566245, -0.34227578],\n       [ 0.69646718, -0.914972  ],\n       [ 0.11282589,  1.21573047],\n       [ 0.34266156,  1.3454992 ],\n       [-1.01020979, -0.53213764],\n       [ 0.06838107,  1.52268426],\n       [ 0.85704501, -0.87680385],\n       [-0.52848418, -0.29852708],\n       [-1.83922132, -0.42309065],\n       [-0.41571143,  1.08698028],\n       [-0.54178924,  1.27874652],\n       [-1.57442935, -0.15144534],\n       [ 0.88127062, -0.97583453],\n       [ 1.17446276, -1.30947064],\n       [ 0.02455785,  1.38087251],\n       [ 1.52197012, -1.21728159],\n       [ 0.64522748, -1.11793475],\n       [-0.7490958 , -0.27969987],\n       [-0.36977715,  1.29921769],\n       [ 0.9412008 , -0.94020009],\n       [ 0.89932557, -0.96758696],\n       [ 1.55446399, -0.72239776],\n       [-0.80255429, -0.20633103],\n       [ 1.54776342, -0.95102671],\n       [ 1.04936977, -1.07491504],\n       [ 0.95929326, -0.8543827 ],\n       [-1.00072803, -0.60237942],\n       [-0.47069969,  1.4351228 ],\n       [ 0.95223137, -1.04603154],\n       [ 1.05577323, -1.33145469],\n       [ 1.51204831, -0.96347153],\n       [-1.31578143, -0.36426743],\n       [-1.12135331, -0.37771348],\n       [ 0.32417459,  0.86395999],\n       [ 1.19468912, -0.97279897],\n       [-1.27284112, -0.52076393],\n       [ 1.13262799, -1.29555243],\n       [-1.33955152, -0.23051748],\n       [-1.03149962, -0.29076706],\n       [ 1.60163329, -0.59548958],\n       [ 1.37970334, -1.11621534],\n       [ 1.1949233 , -0.60835449],\n       [ 0.93140802, -1.00969366],\n       [ 1.03631063, -1.04816058],\n       [-0.67560537,  1.08341037],\n       [-1.273816  , -0.29368688],\n       [ 0.43973475,  1.33193141],\n       [-0.79317909, -0.7203646 ],\n       [-1.9133799 , -0.23815318],\n       [-0.67176282, -0.11313666],\n       [-0.21059615,  1.214282  ],\n       [-1.40168096, -0.28089461],\n       [-0.88685704, -0.45361778],\n       [-0.03080323,  1.4128665 ],\n       [ 1.1792273 , -0.91891256],\n       [-1.03773626, -0.42907796],\n       [-0.17030939,  1.35015122],\n       [-1.19311534, -0.49208977],\n       [-0.31597134,  1.4373612 ],\n       [ 1.36016767, -1.04635013],\n       [-1.11713697, -0.36006841],\n       [ 0.32611381,  1.17731275],\n       [ 1.06290741, -0.92720493],\n       [ 1.07251834, -0.94389442],\n       [ 1.05742325, -1.110872  ],\n       [-1.30465273, -0.44811969],\n       [-1.04671636, -0.35027868],\n       [ 1.6101298 , -1.10736215],\n       [ 2.08731081, -0.84329603],\n       [ 0.98697806, -1.1710132 ],\n       [ 0.35115656,  1.29384384],\n       [-0.69478218, -0.17542262],\n       [ 0.56947114, -1.0256852 ],\n       [ 1.19784917, -1.24930305],\n       [ 0.45104467, -0.89082171],\n       [-0.98009254, -0.3361875 ],\n       [-0.08620273,  1.20537661],\n       [ 0.99291299, -0.83183102],\n       [ 0.00993452,  1.34162449],\n       [ 1.5565995 , -1.10189337],\n       [-0.30718869,  1.47783439],\n       [-1.59842977, -0.34542446],\n       [-0.23180751, -0.28742791],\n       [-0.09109045,  1.26400822],\n       [ 1.34386146, -1.10545959],\n       [-1.13534218, -0.20404298],\n       [ 0.39025742,  1.43133044],\n       [-1.17333334, -0.14893491],\n       [ 0.861858  ,  1.35974035],\n       [-0.82986597, -0.33507954],\n       [ 1.25115877, -1.04423053],\n       [ 1.20618825, -1.06555124],\n       [ 0.84311219, -1.20157486],\n       [ 0.97131119, -1.07811902],\n       [ 1.91558611, -0.71084016],\n       [-0.04210642,  1.56704531],\n       [-0.5005575 ,  1.36665931],\n       [ 0.08741544,  1.59943963],\n       [-0.75140005, -0.41094298],\n       [-0.37389453,  1.35445049],\n       [ 0.74606971, -1.02422905],\n       [-0.3586324 ,  1.4287035 ],\n       [-1.57766829, -0.46214903],\n       [ 0.25425515, -1.26928322],\n       [ 1.43008146, -1.30308576],\n       [-0.08055637, -0.51351318],\n       [-0.49215754,  1.43566912],\n       [-1.30260937, -0.53869712],\n       [ 0.30520957, -1.02584218],\n       [-1.46549574, -0.39498871],\n       [-0.69377649, -0.30760319],\n       [-0.24104416,  1.46613884],\n       [-1.17709116, -0.36348498],\n       [ 0.14000204,  1.53219032],\n       [-0.74242621, -0.27726907],\n       [-1.56355516, -0.39516352],\n       [-0.23925962,  1.55585703],\n       [-0.99264995, -0.20808461],\n       [ 0.81508697, -0.93993424],\n       [ 0.23530073,  1.06907363],\n       [ 0.96966328, -0.89200586],\n       [ 1.32030773, -1.01377843],\n       [-1.12332344, -0.26713056],\n       [-0.8708997 , -0.41579385],\n       [-0.12652893,  1.29451307],\n       [-1.46159096, -0.20283117],\n       [-0.94457369, -0.26044114],\n       [ 0.72655329,  1.3857437 ],\n       [ 1.26491631, -0.7975762 ],\n       [-1.10925679, -0.35539621],\n       [ 0.15287058,  1.4600871 ],\n       [ 1.02285573, -1.05423747],\n       [ 0.03159973,  1.31259537],\n       [-1.70866373, -0.30324991],\n       [-1.12464527, -0.329676  ],\n       [ 0.68953978, -1.06851781],\n       [ 0.18907937,  1.16990721],\n       [-0.3673758 ,  1.42849872],\n       [-0.00850124,  1.39142801],\n       [-0.31197294,  1.28331833],\n       [ 0.04399145,  1.25854535],\n       [ 1.63193011, -0.95895635],\n       [ 1.08517774, -1.01812982],\n       [ 1.66327141, -0.93474673],\n       [-0.8327122 , -0.29451581],\n       [ 1.12494499, -0.76636413],\n       [-0.52359186,  1.32127719],\n       [-0.71962727,  1.55627764],\n       [ 0.98604082, -1.07050166],\n       [-0.44198637, -0.42586492],\n       [ 0.07723843,  1.3077956 ],\n       [-1.63611791, -0.55420554],\n       [-0.35268261,  1.35792017],\n       [-0.19153302,  1.12336057],\n       [-0.77896278, -0.49216856],\n       [ 0.09777714,  1.28130269],\n       [-1.73295235, -0.37194681],\n       [ 1.43646471, -0.95758473],\n       [ 1.21533294, -0.5951172 ],\n       [-0.54487949,  1.03018672],\n       [ 0.11191199,  1.33490964],\n       [-0.23486163,  1.54192783],\n       [-0.93002079, -0.68530954],\n       [ 0.67879394, -0.82555502],\n       [ 0.41836219,  1.24940919],\n       [-1.55432622, -0.303152  ],\n       [-1.73640256, -0.28507094],\n       [-0.58014965, -0.31439133],\n       [ 0.76138365,  1.57266487],\n       [-1.19323647,  0.01552067],\n       [-1.88974315, -0.29765314],\n       [ 1.64511626, -0.98548475],\n       [-1.61646436, -0.27079958],\n       [-0.71913683, -0.23930085],\n       [ 0.14315685,  1.40730733],\n       [ 1.77792433, -0.88325096],\n       [-1.03312677,  1.14951718],\n       [ 1.70574143, -1.16304904],\n       [-0.38194547,  1.51797776]])", "metric": "<function euclidean at 0x70e616975620>", "ensure_all_finite": true}, "kwargs": {}}, "return": "array([[0.        , 0.3298585 , 2.58787844, ..., 3.13096099, 0.45522349,\n        2.94719999],\n       [0.3298585 , 0.        , 2.68891822, ..., 3.10298371, 0.57490871,\n        2.99872532],\n       [2.58787844, 2.68891822, 0.        , ..., 1.2263978 , 3.02582596,\n        0.54685975],\n       ...,\n       [3.13096099, 3.10298371, 1.2263978 , ..., 0.        , 3.58460062,\n        0.74819803],\n       [0.45522349, 0.57490871, 3.02582596, ..., 3.58460062, 0.        ,\n        3.39799078],\n       [2.94719999, 2.99872532, 0.54685975, ..., 0.74819803, 3.39799078,\n        0.        ]], shape=(200, 200))"}, "name": "_pairwise_callable"}
{"types": {}, "values": {"inputs": {"self": {}, "args": {"X": "array([[0.97873798, 2.2408932 ]])", "Y": "array([[1.76405235, 0.40015721]])", "metric": "<bound method test_affinity_passed_to_fix_connectivity.<locals>.FakeAffinity.increment of <sklearn.cluster.tests.test_hierarchical.test_affinity_passed_to_fix_connectivity.<locals>.FakeAffinity object at 0x70e61282bc50>>", "ensure_all_finite": true}, "kwargs": {}}, "return": "array([[1.]])"}, "name": "_pairwise_callable"}
{"types": {}, "values": {"inputs": {"self": {}, "args": {"X": "array([[7.71320643, 0.20751949, 6.33648235, 7.48803883, 4.98507012],\n       [2.24796646, 1.98062865, 7.60530712, 1.69110837, 0.88339814],\n       [6.85359818, 9.53393346, 0.03948266, 5.12192263, 8.12620962],\n       [6.12526067, 7.21755317, 2.91876068, 9.17774123, 7.14575783],\n       [5.42544368, 1.42170048, 3.7334076 , 6.74133615, 4.41833174],\n       [4.34013993, 6.17766978, 5.13138243, 6.50397182, 6.01038953],\n       [8.05223197, 5.21647152, 9.08648881, 3.19236089, 0.90459349],\n       [3.00700057, 1.13984362, 8.28681326, 0.46896319, 6.26287148],\n       [5.47586156, 8.19286996, 1.9894754 , 8.56850302, 3.51652639],\n       [7.54647692, 2.95961707, 8.8393648 , 3.25511638, 1.65015898]])", "Y": "array([[7.71320643, 0.20751949, 6.33648235, 7.48803883, 4.98507012],\n       [2.24796646, 1.98062865, 7.60530712, 1.69110837, 0.88339814],\n       [6.85359818, 9.53393346, 0.03948266, 5.12192263, 8.12620962],\n       [6.12526067, 7.21755317, 2.91876068, 9.17774123, 7.14575783],\n       [5.42544368, 1.42170048, 3.7334076 , 6.74133615, 4.41833174],\n       [4.34013993, 6.17766978, 5.13138243, 6.50397182, 6.01038953],\n       [8.05223197, 5.21647152, 9.08648881, 3.19236089, 0.90459349],\n       [3.00700057, 1.13984362, 8.28681326, 0.46896319, 6.26287148],\n       [5.47586156, 8.19286996, 1.9894754 , 8.56850302, 3.51652639],\n       [7.54647692, 2.95961707, 8.8393648 , 3.25511638, 1.65015898]])", "metric": "<function test_affinities.<locals>.<lambda> at 0x70e5fc401580>", "ensure_all_finite": true}, "kwargs": {}}, "return": "array([[1., 1., 1., 1., 1., 1., 1., 1., 1., 1.],\n       [1., 1., 1., 1., 1., 1., 1., 1., 1., 1.],\n       [1., 1., 1., 1., 1., 1., 1., 1., 1., 1.],\n       [1., 1., 1., 1., 1., 1., 1., 1., 1., 1.],\n       [1., 1., 1., 1., 1., 1., 1., 1., 1., 1.],\n       [1., 1., 1., 1., 1., 1., 1., 1., 1., 1.],\n       [1., 1., 1., 1., 1., 1., 1., 1., 1., 1.],\n       [1., 1., 1., 1., 1., 1., 1., 1., 1., 1.],\n       [1., 1., 1., 1., 1., 1., 1., 1., 1., 1.],\n       [1., 1., 1., 1., 1., 1., 1., 1., 1., 1.]])"}, "name": "_pairwise_callable"}
{"types": {}, "values": {"inputs": {"self": {}, "args": {"X": "array([[7.71320643, 0.20751949, 6.33648235, 7.48803883, 4.98507012],\n       [2.24796646, 1.98062865, 7.60530712, 1.69110837, 0.88339814],\n       [6.85359818, 9.53393346, 0.03948266, 5.12192263, 8.12620962],\n       [6.12526067, 7.21755317, 2.91876068, 9.17774123, 7.14575783],\n       [5.42544368, 1.42170048, 3.7334076 , 6.74133615, 4.41833174],\n       [4.34013993, 6.17766978, 5.13138243, 6.50397182, 6.01038953],\n       [8.05223197, 5.21647152, 9.08648881, 3.19236089, 0.90459349],\n       [3.00700057, 1.13984362, 8.28681326, 0.46896319, 6.26287148],\n       [5.47586156, 8.19286996, 1.9894754 , 8.56850302, 3.51652639],\n       [7.54647692, 2.95961707, 8.8393648 , 3.25511638, 1.65015898]])", "Y": "array([[7.71320643, 0.20751949, 6.33648235, 7.48803883, 4.98507012],\n       [2.24796646, 1.98062865, 7.60530712, 1.69110837, 0.88339814],\n       [6.85359818, 9.53393346, 0.03948266, 5.12192263, 8.12620962],\n       [6.12526067, 7.21755317, 2.91876068, 9.17774123, 7.14575783],\n       [5.42544368, 1.42170048, 3.7334076 , 6.74133615, 4.41833174],\n       [4.34013993, 6.17766978, 5.13138243, 6.50397182, 6.01038953],\n       [8.05223197, 5.21647152, 9.08648881, 3.19236089, 0.90459349],\n       [3.00700057, 1.13984362, 8.28681326, 0.46896319, 6.26287148],\n       [5.47586156, 8.19286996, 1.9894754 , 8.56850302, 3.51652639],\n       [7.54647692, 2.95961707, 8.8393648 , 3.25511638, 1.65015898]])", "metric": "<function test_affinities.<locals>.histogram at 0x70e5fc4002c0>", "ensure_all_finite": true}, "kwargs": {}}, "return": "array([[26.73031722, 11.36647481, 17.2075931 , 21.72464979, 20.52603867,\n        21.16808379, 18.35416266, 15.00503573, 18.67742167, 18.99575411],\n       [11.36647481, 14.40840873,  6.84258427,  9.72186229,  9.97758104,\n        11.93448404, 14.40840873, 12.34547853,  8.79257701, 14.40840873],\n       [17.2075931 ,  6.84258427, 29.67514656, 25.64997697, 16.4268812 ,\n        21.68960455, 16.20650675, 10.91816153, 22.34666321, 14.75797327],\n       [21.72464979,  9.72186229, 25.64997697, 32.58507358, 20.92557273,\n        25.95093175, 18.35744726, 13.79743954, 26.76791955, 16.90891377],\n       [20.52603867,  9.97758104, 16.4268812 , 20.92557273, 21.74021965,\n        20.41755157, 14.67750614, 12.76754672, 19.0944821 , 15.48582711],\n       [21.16808379, 11.93448404, 21.68960455, 25.95093175, 20.41755157,\n        28.1635535 , 18.78494827, 15.75757934, 22.52778333, 17.33641478],\n       [18.35416266, 14.40840873, 16.20650675, 18.35744726, 14.67750614,\n        18.78494827, 26.45214668, 13.80721413, 16.77876286, 23.44241316],\n       [15.00503573, 12.34547853, 10.91816153, 13.79743954, 12.76754672,\n        15.75757934, 13.80721413, 19.16549213, 10.12180917, 14.55277962],\n       [18.67742167,  8.79257701, 22.34666321, 26.76791955, 19.0944821 ,\n        22.52778333, 16.77876286, 10.12180917, 27.74323633, 15.33022938],\n       [18.99575411, 14.40840873, 14.75797327, 16.90891377, 15.48582711,\n        17.33641478, 23.44241316, 14.55277962, 15.33022938, 24.25073414]])"}, "name": "_pairwise_callable"}
{"types": {}, "values": {"inputs": {"self": {}, "args": {"X": "array([[0.37454012, 0.95071431, 0.73199394, 0.59865848],\n       [0.15601864, 0.15599452, 0.05808361, 0.86617615],\n       [0.60111501, 0.70807258, 0.02058449, 0.96990985],\n       [0.83244264, 0.21233911, 0.18182497, 0.18340451],\n       [0.30424224, 0.52475643, 0.43194502, 0.29122914]])", "Y": "array([[0.37454012, 0.95071431, 0.73199394, 0.59865848],\n       [0.15601864, 0.15599452, 0.05808361, 0.86617615],\n       [0.60111501, 0.70807258, 0.02058449, 0.96990985],\n       [0.83244264, 0.21233911, 0.18182497, 0.18340451],\n       [0.30424224, 0.52475643, 0.43194502, 0.29122914]])", "metric": "<function test_kernel_pca.<locals>.histogram at 0x70e5fc4027a0>", "ensure_all_finite": true}, "kwargs": {}}, "return": "array([[2.65590685, 0.96875526, 1.70185568, 0.95210871, 1.55217283],\n       [0.96875526, 1.23627292, 1.1987738 , 0.55350128, 0.66132591],\n       [1.70185568, 1.1987738 , 2.29968194, 1.01744313, 1.14081231],\n       [0.95210871, 0.55350128, 1.01744313, 1.41001123, 0.88181083],\n       [1.55217283, 0.66132591, 1.14081231, 0.88181083, 1.55217283]])"}, "name": "_pairwise_callable"}
