{"types": {}, "values": {"inputs": {"self": {}, "args": {"A": "<Compressed Sparse Row sparse matrix of dtype 'float64'\n\twith 11 stored elements and shape (5, 5)>", "B": "<Compressed Sparse Column sparse matrix of dtype 'float64'\n\twith 11 stored elements and shape (5, 5)>", "out": null}, "kwargs": {}}, "return": "array([[1., 0., 0., 1., 0.],\n       [0., 2., 1., 0., 2.],\n       [0., 1., 1., 0., 1.],\n       [1., 0., 0., 3., 2.],\n       [0., 2., 1., 2., 4.]])"}, "name": "sparse_matmul_to_dense"}
{"types": {}, "values": {"inputs": {"self": {}, "args": {"A": "<Compressed Sparse Row sparse array of dtype 'float64'\n\twith 11 stored elements and shape (5, 5)>", "B": "<Compressed Sparse Column sparse array of dtype 'float64'\n\twith 11 stored elements and shape (5, 5)>", "out": null}, "kwargs": {}}, "return": "array([[1., 0., 0., 1., 0.],\n       [0., 2., 1., 0., 2.],\n       [0., 1., 1., 0., 1.],\n       [1., 0., 0., 3., 2.],\n       [0., 2., 1., 2., 4.]])"}, "name": "sparse_matmul_to_dense"}
{"types": {}, "values": {"inputs": {"self": {}, "args": {"A": "<Compressed Sparse Row sparse matrix of dtype 'float64'\n\twith 120 stored elements and shape (60, 2)>", "B": "<Compressed Sparse Column sparse matrix of dtype 'float64'\n\twith 120 stored elements and shape (2, 60)>", "out": null}, "kwargs": {}}, "return": "array([[261.56856511, 266.10861998, 255.90429937, ..., 231.52972346,\n        232.9456963 , 236.19442218],\n       [266.10861998, 271.28947927, 260.02566963, ..., 234.9710022 ,\n        235.95228696, 239.56013555],\n       [255.90429937, 260.02566963, 250.54532015, ..., 226.84509054,\n        228.49220478, 231.49800564],\n       ...,\n       [231.52972346, 234.9710022 , 226.84509054, ..., 205.53377832,\n        207.25897963, 209.82359429],\n       [232.9456963 , 235.95228696, 228.49220478, ..., 207.25897963,\n        209.36715495, 211.70196342],\n       [236.19442218, 239.56013555, 231.49800564, ..., 209.82359429,\n        211.70196342, 214.24019587]], shape=(60, 60))"}, "name": "sparse_matmul_to_dense"}
{"types": {}, "values": {"inputs": {"self": {}, "args": {"A": "<Compressed Sparse Row sparse array of dtype 'float64'\n\twith 120 stored elements and shape (60, 2)>", "B": "<Compressed Sparse Column sparse array of dtype 'float64'\n\twith 120 stored elements and shape (2, 60)>", "out": null}, "kwargs": {}}, "return": "array([[261.56856511, 266.10861998, 255.90429937, ..., 231.52972346,\n        232.9456963 , 236.19442218],\n       [266.10861998, 271.28947927, 260.02566963, ..., 234.9710022 ,\n        235.95228696, 239.56013555],\n       [255.90429937, 260.02566963, 250.54532015, ..., 226.84509054,\n        228.49220478, 231.49800564],\n       ...,\n       [231.52972346, 234.9710022 , 226.84509054, ..., 205.53377832,\n        207.25897963, 209.82359429],\n       [232.9456963 , 235.95228696, 228.49220478, ..., 207.25897963,\n        209.36715495, 211.70196342],\n       [236.19442218, 239.56013555, 231.49800564, ..., 209.82359429,\n        211.70196342, 214.24019587]], shape=(60, 60))"}, "name": "sparse_matmul_to_dense"}
{"types": {}, "values": {"inputs": {"self": {}, "args": {"A": "<Compressed Sparse Row sparse matrix of dtype 'float64'\n\twith 100 stored elements and shape (10, 10)>", "B": "<Compressed Sparse Column sparse matrix of dtype 'float64'\n\twith 100 stored elements and shape (10, 10)>", "out": null}, "kwargs": {}}, "return": "array([[4.13199102, 3.58071366, 3.8425617 , 3.67938716, 2.32928782,\n        2.5254131 , 2.24872212, 2.68974336, 2.52231826, 2.43804883],\n       [3.58071366, 4.15471343, 3.80251037, 3.3129697 , 1.74708786,\n        2.16781498, 1.56416127, 2.63110422, 2.55708928, 2.05735638],\n       [3.8425617 , 3.80251037, 4.19924474, 3.37504058, 2.04542018,\n        2.2498098 , 1.60027096, 2.72333489, 2.29883869, 2.15411929],\n       [3.67938716, 3.3129697 , 3.37504058, 3.69325251, 1.96665534,\n        2.26560009, 2.15563905, 2.05632338, 2.55770086, 2.34381763],\n       [2.32928782, 1.74708786, 2.04542018, 1.96665534, 1.99755564,\n        1.74583799, 1.43444723, 2.00449144, 1.57944918, 1.24628004],\n       [2.5254131 , 2.16781498, 2.2498098 , 2.26560009, 1.74583799,\n        2.34233862, 1.87741896, 2.33244977, 1.51947981, 1.54357885],\n       [2.24872212, 1.56416127, 1.60027096, 2.15563905, 1.43444723,\n        1.87741896, 2.05676505, 1.5947996 , 1.45392354, 1.61276765],\n       [2.68974336, 2.63110422, 2.72333489, 2.05632338, 2.00449144,\n        2.33244977, 1.5947996 , 3.23727596, 1.85556947, 1.82130766],\n       [2.52231826, 2.55708928, 2.29883869, 2.55770086, 1.57944918,\n        1.51947981, 1.45392354, 1.85556947, 2.62574759, 1.88543834],\n       [2.43804883, 2.05735638, 2.15411929, 2.34381763, 1.24628004,\n        1.54357885, 1.61276765, 1.82130766, 1.88543834, 2.22629845]])"}, "name": "sparse_matmul_to_dense"}
