{"types": {}, "values": {"inputs": {"self": {"alphas": "array([ 0.1,  1. , 10. ])", "fit_intercept": true, "scoring": null, "copy_X": true, "gcv_mode": null, "store_cv_results": false, "is_clf": false, "alpha_per_target": false, "n_features_in_": 9}, "args": {"alpha": 0.1, "y": "array([-0.14054567,  0.49190986, -0.14054567,  0.49190986, -0.14054567,\n       -0.14054567, -0.14054567, -0.14054567, -0.14054567])", "sqrt_sw": "array([1., 1., 1., 1., 1., 1., 1., 1., 1.])", "X_mean": "array([0., 0., 0., 0., 0., 0., 0., 0., 0.])", "eigvals": "array([6.79388404e-04, 3.33039683e-03, 1.15674421e-02, 1.97059320e-02,\n       5.06979107e-02, 1.08298571e-01, 1.85948830e-01, 8.00948205e-01,\n       9.00000000e+00])", "Q": "array([[-0.08885843, -0.75171674, -0.50658329, -0.20625599,  0.05296761,\n        -0.07095142, -0.06814905, -0.06529078, -0.33333333],\n       [-0.78568584,  0.37360844, -0.07674677, -0.22913651,  0.23083564,\n        -0.11905869,  0.07250661,  0.02987482, -0.33333333],\n       [ 0.00607233, -0.05082031,  0.20662374,  0.03341498, -0.32020375,\n        -0.09994151, -0.34685616,  0.78078898, -0.33333333],\n       [ 0.02623832, -0.05300859,  0.02002667,  0.81857208,  0.44985525,\n        -0.10946432,  0.02340197, -0.00542078, -0.33333333],\n       [ 0.57838511,  0.32125957, -0.21684449, -0.33752421,  0.30177849,\n        -0.26727797,  0.31206424,  0.1741145 , -0.33333333],\n       [-0.01224817, -0.00358783,  0.17003134,  0.13173434, -0.62637585,\n        -0.45246994,  0.34662261, -0.3538904 , -0.33333333],\n       [ 0.10484809, -0.20480879,  0.71616771, -0.31198032,  0.28853084,\n         0.09223297, -0.21346224, -0.29731823, -0.33333333],\n       [ 0.00273547, -0.01125733,  0.012004  ,  0.0455077 , -0.16491167,\n         0.78443885,  0.48383183,  0.09953002, -0.33333333],\n       [ 0.16851311,  0.38033159, -0.3246789 ,  0.05566794, -0.21247654,\n         0.24249204, -0.60995981, -0.36238813, -0.33333333]])", "QT_y": "array([-4.80316782e-01,  2.02765149e-01, -3.58729428e-02,  3.72791783e-01,\n        4.30506719e-01, -1.44530645e-01,  6.06579112e-02,  1.54660929e-02,\n        1.55919617e-17])"}, "kwargs": {}}, "return": ["array([8.26641273, 8.41462466, 2.24307185, 7.03753554, 7.01617599,\n       4.55129003, 6.77614892, 3.98415393, 4.68145763])", "array([-1.3456463 ,  4.55048432, -0.99664136,  3.67953669, -1.9935839 ,\n       -1.00102312, -1.39407382, -0.80834058, -0.69071193])"]}, "name": "_solve_eigen_gram"}
{"types": {}, "values": {"inputs": {"self": {"alphas": "array([ 0.1,  1. , 10. ])", "fit_intercept": true, "scoring": null, "copy_X": true, "gcv_mode": null, "store_cv_results": false, "is_clf": false, "alpha_per_target": false, "n_features_in_": 9}, "args": {"alpha": 1.0, "y": "array([-0.14054567,  0.49190986, -0.14054567,  0.49190986, -0.14054567,\n       -0.14054567, -0.14054567, -0.14054567, -0.14054567])", "sqrt_sw": "array([1., 1., 1., 1., 1., 1., 1., 1., 1.])", "X_mean": "array([0., 0., 0., 0., 0., 0., 0., 0., 0.])", "eigvals": "array([6.79388404e-04, 3.33039683e-03, 1.15674421e-02, 1.97059320e-02,\n       5.06979107e-02, 1.08298571e-01, 1.85948830e-01, 8.00948205e-01,\n       9.00000000e+00])", "Q": "array([[-0.08885843, -0.75171674, -0.50658329, -0.20625599,  0.05296761,\n        -0.07095142, -0.06814905, -0.06529078, -0.33333333],\n       [-0.78568584,  0.37360844, -0.07674677, -0.22913651,  0.23083564,\n        -0.11905869,  0.07250661,  0.02987482, -0.33333333],\n       [ 0.00607233, -0.05082031,  0.20662374,  0.03341498, -0.32020375,\n        -0.09994151, -0.34685616,  0.78078898, -0.33333333],\n       [ 0.02623832, -0.05300859,  0.02002667,  0.81857208,  0.44985525,\n        -0.10946432,  0.02340197, -0.00542078, -0.33333333],\n       [ 0.57838511,  0.32125957, -0.21684449, -0.33752421,  0.30177849,\n        -0.26727797,  0.31206424,  0.1741145 , -0.33333333],\n       [-0.01224817, -0.00358783,  0.17003134,  0.13173434, -0.62637585,\n        -0.45246994,  0.34662261, -0.3538904 , -0.33333333],\n       [ 0.10484809, -0.20480879,  0.71616771, -0.31198032,  0.28853084,\n         0.09223297, -0.21346224, -0.29731823, -0.33333333],\n       [ 0.00273547, -0.01125733,  0.012004  ,  0.0455077 , -0.16491167,\n         0.78443885,  0.48383183,  0.09953002, -0.33333333],\n       [ 0.16851311,  0.38033159, -0.3246789 ,  0.05566794, -0.21247654,\n         0.24249204, -0.60995981, -0.36238813, -0.33333333]])", "QT_y": "array([-4.80316782e-01,  2.02765149e-01, -3.58729428e-02,  3.72791783e-01,\n        4.30506719e-01, -1.44530645e-01,  6.06579112e-02,  1.54660929e-02,\n        1.55919617e-17])"}, "kwargs": {}}, "return": ["array([0.87999981, 0.88174703, 0.59245793, 0.86489103, 0.84545328,\n       0.77474965, 0.8296896 , 0.78629561, 0.76245955])", "array([-0.13979568,  0.48564985, -0.13749712,  0.47498918, -0.15243972,\n       -0.13566774, -0.13844798, -0.13164208, -0.12514872])"]}, "name": "_solve_eigen_gram"}
{"types": {}, "values": {"inputs": {"self": {"alphas": "array([ 0.1,  1. , 10. ])", "fit_intercept": true, "scoring": null, "copy_X": true, "gcv_mode": null, "store_cv_results": false, "is_clf": false, "alpha_per_target": false, "n_features_in_": 9}, "args": {"alpha": 10.0, "y": "array([-0.14054567,  0.49190986, -0.14054567,  0.49190986, -0.14054567,\n       -0.14054567, -0.14054567, -0.14054567, -0.14054567])", "sqrt_sw": "array([1., 1., 1., 1., 1., 1., 1., 1., 1.])", "X_mean": "array([0., 0., 0., 0., 0., 0., 0., 0., 0.])", "eigvals": "array([6.79388404e-04, 3.33039683e-03, 1.15674421e-02, 1.97059320e-02,\n       5.06979107e-02, 1.08298571e-01, 1.85948830e-01, 8.00948205e-01,\n       9.00000000e+00])", "Q": "array([[-0.08885843, -0.75171674, -0.50658329, -0.20625599,  0.05296761,\n        -0.07095142, -0.06814905, -0.06529078, -0.33333333],\n       [-0.78568584,  0.37360844, -0.07674677, -0.22913651,  0.23083564,\n        -0.11905869,  0.07250661,  0.02987482, -0.33333333],\n       [ 0.00607233, -0.05082031,  0.20662374,  0.03341498, -0.32020375,\n        -0.09994151, -0.34685616,  0.78078898, -0.33333333],\n       [ 0.02623832, -0.05300859,  0.02002667,  0.81857208,  0.44985525,\n        -0.10946432,  0.02340197, -0.00542078, -0.33333333],\n       [ 0.57838511,  0.32125957, -0.21684449, -0.33752421,  0.30177849,\n        -0.26727797,  0.31206424,  0.1741145 , -0.33333333],\n       [-0.01224817, -0.00358783,  0.17003134,  0.13173434, -0.62637585,\n        -0.45246994,  0.34662261, -0.3538904 , -0.33333333],\n       [ 0.10484809, -0.20480879,  0.71616771, -0.31198032,  0.28853084,\n         0.09223297, -0.21346224, -0.29731823, -0.33333333],\n       [ 0.00273547, -0.01125733,  0.012004  ,  0.0455077 , -0.16491167,\n         0.78443885,  0.48383183,  0.09953002, -0.33333333],\n       [ 0.16851311,  0.38033159, -0.3246789 ,  0.05566794, -0.21247654,\n         0.24249204, -0.60995981, -0.36238813, -0.33333333]])", "QT_y": "array([-4.80316782e-01,  2.02765149e-01, -3.58729428e-02,  3.72791783e-01,\n        4.30506719e-01, -1.44530645e-01,  6.06579112e-02,  1.54660929e-02,\n        1.55919617e-17])"}, "kwargs": {}}, "return": ["array([0.08878511, 0.08881076, 0.08408086, 0.08864083, 0.08833028,\n       0.08731684, 0.08801921, 0.08771467, 0.08713228])", "array([-0.01404421,  0.04912236, -0.01405288,  0.04901489, -0.01419245,\n       -0.01399537, -0.01401764, -0.01396548, -0.01386922])"]}, "name": "_solve_eigen_gram"}
{"types": {}, "values": {"inputs": {"self": {"alphas": "array([ 0.1,  1. , 10. ])", "fit_intercept": true, "scoring": null, "copy_X": true, "gcv_mode": null, "store_cv_results": false, "is_clf": false, "alpha_per_target": false, "n_features_in_": 9}, "args": {"alpha": 0.1, "y": "array([-0.28109135,  0.35136418,  0.35136418,  0.35136418, -0.28109135,\n       -0.28109135, -0.28109135, -0.28109135,  0.35136418])", "sqrt_sw": "array([1., 1., 1., 1., 1., 1., 1., 1., 1.])", "X_mean": "array([0., 0., 0., 0., 0., 0., 0., 0., 0.])", "eigvals": "array([-9.03168080e-16, -7.64298677e-17, -2.98515989e-17,  6.42482032e-34,\n        2.30427667e-33,  2.84512374e-17,  5.47043394e-02,  8.18481010e-01,\n        9.00000000e+00])", "Q": "array([[ 8.87107949e-01,  8.76240599e-03, -5.03929529e-02,\n        -1.34580369e-17,  2.68433822e-18, -1.02094356e-01,\n        -1.13651502e-01, -2.75630595e-01, -3.33333333e-01],\n       [-3.71924713e-15,  3.70797143e-16, -9.08995101e-16,\n        -4.12391833e-17,  1.01374653e-18, -2.22738494e-15,\n        -6.58570152e-01,  6.74666024e-01, -3.33333333e-01],\n       [ 5.99149203e-02,  3.24655711e-01, -2.86222579e-01,\n         1.14031590e-16, -1.49935396e-16,  6.89747906e-01,\n         4.08942553e-01,  2.34495651e-01, -3.33333333e-01],\n       [-4.95784813e-02,  4.79253985e-01,  3.46571879e-01,\n        -3.14696172e-17,  1.50024045e-16, -5.60724702e-01,\n         4.08942553e-01,  2.34495651e-01, -3.33333333e-01],\n       [-2.50852597e-01,  3.71238498e-02, -2.44168228e-01,\n         2.20976505e-01,  7.86025477e-01, -9.70051750e-02,\n        -1.13651502e-01, -2.75630595e-01, -3.33333333e-01],\n       [-2.50852597e-01,  3.71238498e-02, -2.44168228e-01,\n         5.70229779e-01, -5.84384005e-01, -9.70051750e-02,\n        -1.13651502e-01, -2.75630595e-01, -3.33333333e-01],\n       [-2.50852597e-01,  3.71238498e-02, -2.44168228e-01,\n        -7.91206284e-01, -2.01641472e-01, -9.70051750e-02,\n        -1.13651502e-01, -2.75630595e-01, -3.33333333e-01],\n       [-1.34550157e-01, -1.20133955e-01,  7.82897637e-01,\n         1.86841362e-17, -9.75675855e-17,  3.93109881e-01,\n        -1.13651502e-01, -2.75630595e-01, -3.33333333e-01],\n       [-1.03364390e-02, -8.03909696e-01, -6.03493003e-02,\n        -8.78706657e-17,  2.74746667e-17, -1.29023204e-01,\n         4.08942553e-01,  2.34495651e-01, -3.33333333e-01]])", "QT_y": "array([ 1.12800394e-15, -5.55111512e-17,  3.15719673e-16, -1.55804243e-17,\n       -1.25093065e-17,  6.86950496e-16,  3.59397605e-01,  8.71620474e-01,\n        2.52676708e-16])"}, "kwargs": {}}, "return": ["array([8.16620765, 3.29907949, 7.80752639, 7.80752639, 8.16620765,\n       8.16620765, 8.16620765, 8.16620765, 7.80752639])", "array([-0.52559474, -0.88969632,  1.17255667,  1.17255667, -0.52559474,\n       -0.52559474, -0.52559474, -0.52559474,  1.17255667])"]}, "name": "_solve_eigen_gram"}
{"types": {}, "values": {"inputs": {"self": {"alphas": "array([ 0.1,  1. , 10. ])", "fit_intercept": true, "scoring": null, "copy_X": true, "gcv_mode": null, "store_cv_results": false, "is_clf": false, "alpha_per_target": false, "n_features_in_": 9}, "args": {"alpha": 1.0, "y": "array([-0.28109135,  0.35136418,  0.35136418,  0.35136418, -0.28109135,\n       -0.28109135, -0.28109135, -0.28109135,  0.35136418])", "sqrt_sw": "array([1., 1., 1., 1., 1., 1., 1., 1., 1.])", "X_mean": "array([0., 0., 0., 0., 0., 0., 0., 0., 0.])", "eigvals": "array([-9.03168080e-16, -7.64298677e-17, -2.98515989e-17,  6.42482032e-34,\n        2.30427667e-33,  2.84512374e-17,  5.47043394e-02,  8.18481010e-01,\n        9.00000000e+00])", "Q": "array([[ 8.87107949e-01,  8.76240599e-03, -5.03929529e-02,\n        -1.34580369e-17,  2.68433822e-18, -1.02094356e-01,\n        -1.13651502e-01, -2.75630595e-01, -3.33333333e-01],\n       [-3.71924713e-15,  3.70797143e-16, -9.08995101e-16,\n        -4.12391833e-17,  1.01374653e-18, -2.22738494e-15,\n        -6.58570152e-01,  6.74666024e-01, -3.33333333e-01],\n       [ 5.99149203e-02,  3.24655711e-01, -2.86222579e-01,\n         1.14031590e-16, -1.49935396e-16,  6.89747906e-01,\n         4.08942553e-01,  2.34495651e-01, -3.33333333e-01],\n       [-4.95784813e-02,  4.79253985e-01,  3.46571879e-01,\n        -3.14696172e-17,  1.50024045e-16, -5.60724702e-01,\n         4.08942553e-01,  2.34495651e-01, -3.33333333e-01],\n       [-2.50852597e-01,  3.71238498e-02, -2.44168228e-01,\n         2.20976505e-01,  7.86025477e-01, -9.70051750e-02,\n        -1.13651502e-01, -2.75630595e-01, -3.33333333e-01],\n       [-2.50852597e-01,  3.71238498e-02, -2.44168228e-01,\n         5.70229779e-01, -5.84384005e-01, -9.70051750e-02,\n        -1.13651502e-01, -2.75630595e-01, -3.33333333e-01],\n       [-2.50852597e-01,  3.71238498e-02, -2.44168228e-01,\n        -7.91206284e-01, -2.01641472e-01, -9.70051750e-02,\n        -1.13651502e-01, -2.75630595e-01, -3.33333333e-01],\n       [-1.34550157e-01, -1.20133955e-01,  7.82897637e-01,\n         1.86841362e-17, -9.75675855e-17,  3.93109881e-01,\n        -1.13651502e-01, -2.75630595e-01, -3.33333333e-01],\n       [-1.03364390e-02, -8.03909696e-01, -6.03493003e-02,\n        -8.78706657e-17,  2.74746667e-17, -1.29023204e-01,\n         4.08942553e-01,  2.34495651e-01, -3.33333333e-01]])", "QT_y": "array([ 1.12800394e-15, -5.55111512e-17,  3.15719673e-16, -1.55804243e-17,\n       -1.25093065e-17,  6.86950496e-16,  3.59397605e-01,  8.71620474e-01,\n        2.52676708e-16])"}, "kwargs": {}}, "return": ["array([0.85402456, 0.66152382, 0.85546529, 0.85546529, 0.85402456,\n       0.85402456, 0.85402456, 0.85402456, 0.85546529])", "array([-0.17084067,  0.09896357,  0.2517466 ,  0.2517466 , -0.17084067,\n       -0.17084067, -0.17084067, -0.17084067,  0.2517466 ])"]}, "name": "_solve_eigen_gram"}
