{"types": {}, "values": {"inputs": {"self": {}, "args": {"S": "array([[ -0.        , -15.76792268,  -9.40415854, ...,  -3.50470492,\n        -10.24820656,  -0.11585446],\n       [-15.76792268,  -0.        ,  -0.84175916, ...,  -6.12597968,\n         -0.85400318, -14.01649177],\n       [ -9.40415854,  -0.84175916,  -0.        , ...,  -3.00437585,\n         -0.36433855,  -8.14646487],\n       ...,\n       [ -3.50470492,  -6.12597968,  -3.00437585, ...,  -0.        ,\n         -2.46219608,  -2.41176585],\n       [-10.24820656,  -0.85400318,  -0.36433855, ...,  -2.46219608,\n         -0.        ,  -8.64865662],\n       [ -0.11585446, -14.01649177,  -8.14646487, ...,  -2.41176585,\n         -8.64865662,  -0.        ]], shape=(60, 60))", "preference": "array(-36.15096292)"}, "kwargs": {}}, "return": "np.False_"}, "name": "_equal_similarities_and_preferences"}
{"types": {}, "values": {"inputs": {"self": {}, "args": {"S": "array([[ -0.        , -15.76792268,  -9.40415854, ...,  -3.50470492,\n        -10.24820656,  -0.11585446],\n       [-15.76792268,  -0.        ,  -0.84175916, ...,  -6.12597968,\n         -0.85400318, -14.01649177],\n       [ -9.40415854,  -0.84175916,  -0.        , ...,  -3.00437585,\n         -0.36433855,  -8.14646487],\n       ...,\n       [ -3.50470492,  -6.12597968,  -3.00437585, ...,  -0.        ,\n         -2.46219608,  -2.41176585],\n       [-10.24820656,  -0.85400318,  -0.36433855, ...,  -2.46219608,\n         -0.        ,  -8.64865662],\n       [ -0.11585446, -14.01649177,  -8.14646487, ...,  -2.41176585,\n         -8.64865662,  -0.        ]], shape=(60, 60))", "preference": "array(-36.15096292)"}, "kwargs": {}}, "return": "np.False_"}, "name": "_equal_similarities_and_preferences"}
{"types": {}, "values": {"inputs": {"self": {}, "args": {"S": "array([[ -0.        , -15.76792268,  -9.40415854, ...,  -3.50470492,\n        -10.24820656,  -0.11585446],\n       [-15.76792268,  -0.        ,  -0.84175916, ...,  -6.12597968,\n         -0.85400318, -14.01649177],\n       [ -9.40415854,  -0.84175916,  -0.        , ...,  -3.00437585,\n         -0.36433855,  -8.14646487],\n       ...,\n       [ -3.50470492,  -6.12597968,  -3.00437585, ...,  -0.        ,\n         -2.46219608,  -2.41176585],\n       [-10.24820656,  -0.85400318,  -0.36433855, ...,  -2.46219608,\n         -0.        ,  -8.64865662],\n       [ -0.11585446, -14.01649177,  -8.14646487, ...,  -2.41176585,\n         -8.64865662,  -0.        ]], shape=(60, 60))", "preference": "array(-36.15096292)"}, "kwargs": {}}, "return": "np.False_"}, "name": "_equal_similarities_and_preferences"}
{"types": {}, "values": {"inputs": {"self": {}, "args": {"S": "array([[ -0.        , -15.76792268,  -9.40415854, ...,  -3.50470492,\n        -10.24820656,  -0.11585446],\n       [-15.76792268,  -0.        ,  -0.84175916, ...,  -6.12597968,\n         -0.85400318, -14.01649177],\n       [ -9.40415854,  -0.84175916,  -0.        , ...,  -3.00437585,\n         -0.36433855,  -8.14646487],\n       ...,\n       [ -3.50470492,  -6.12597968,  -3.00437585, ...,  -0.        ,\n         -2.46219608,  -2.41176585],\n       [-10.24820656,  -0.85400318,  -0.36433855, ...,  -2.46219608,\n         -0.        ,  -8.64865662],\n       [ -0.11585446, -14.01649177,  -8.14646487, ...,  -2.41176585,\n         -8.64865662,  -0.        ]], shape=(60, 60))", "preference": "array(-36.15096292)"}, "kwargs": {}}, "return": "np.False_"}, "name": "_equal_similarities_and_preferences"}
{"types": {}, "values": {"inputs": {"self": {}, "args": {"S": "array([[ -0.        , -15.76792268,  -9.40415854, ...,  -3.50470492,\n        -10.24820656,  -0.11585446],\n       [-15.76792268,  -0.        ,  -0.84175916, ...,  -6.12597968,\n         -0.85400318, -14.01649177],\n       [ -9.40415854,  -0.84175916,  -0.        , ...,  -3.00437585,\n         -0.36433855,  -8.14646487],\n       ...,\n       [ -3.50470492,  -6.12597968,  -3.00437585, ...,  -0.        ,\n         -2.46219608,  -2.41176585],\n       [-10.24820656,  -0.85400318,  -0.36433855, ...,  -2.46219608,\n         -0.        ,  -8.64865662],\n       [ -0.11585446, -14.01649177,  -8.14646487, ...,  -2.41176585,\n         -8.64865662,  -0.        ]], shape=(60, 60))", "preference": "array(-36.15096292)"}, "kwargs": {}}, "return": "np.False_"}, "name": "_equal_similarities_and_preferences"}
