{"types": {}, "values": {"inputs": {"self": {"store_precision": true, "assume_centered": false, "n_features_in_": 10, "location_": "array([-1.44429466e-18,  2.54321451e-18, -2.25592546e-16, -4.85408596e-17,\n       -1.42859580e-17,  3.89881064e-17, -6.02836031e-18, -1.78809958e-17,\n        9.16813131e-17,  1.35176953e-17])", "covariance_": "array([[ 2.26244344e-03,  3.93070363e-04,  4.18743589e-04,\n         7.58885944e-04,  5.88372896e-04,  4.96025203e-04,\n        -1.70092703e-04,  4.61178506e-04,  6.12611406e-04,\n         6.82649339e-04],\n       [ 3.93070363e-04,  2.26244344e-03,  1.99460179e-04,\n         5.45272594e-04,  7.98118081e-05,  3.22708726e-04,\n        -8.57668844e-04,  7.51391613e-04,  3.39176779e-04,\n         4.70889629e-04],\n       [ 4.18743589e-04,  1.99460179e-04,  2.26244344e-03,\n         8.94594793e-04,  5.65107289e-04,  5.90882152e-04,\n        -8.29889091e-04,  9.36214031e-04,  1.00940393e-03,\n         8.79366502e-04],\n       [ 7.58885944e-04,  5.45272594e-04,  8.94594793e-04,\n         2.26244344e-03,  5.48561137e-04,  4.19792902e-04,\n        -4.04438080e-04,  5.82918673e-04,  8.90226491e-04,\n         8.83325844e-04],\n       [ 5.88372896e-04,  7.98118081e-05,  5.65107289e-04,\n         5.48561137e-04,  2.26244344e-03,  2.02864923e-03,\n         1.16559648e-04,  1.22671330e-03,  1.16629621e-03,\n         7.36915731e-04],\n       [ 4.96025203e-04,  3.22708726e-04,  5.90882152e-04,\n         4.19792902e-04,  2.02864923e-03,  2.26244344e-03,\n        -4.44468606e-04,  1.49279839e-03,  7.20263948e-04,\n         6.57466913e-04],\n       [-1.70092703e-04, -8.57668844e-04, -8.29889091e-04,\n        -4.04438080e-04,  1.16559648e-04, -4.44468606e-04,\n         2.26244344e-03, -1.67079803e-03, -9.01758582e-04,\n        -6.19224664e-04],\n       [ 4.61178506e-04,  7.51391613e-04,  9.36214031e-04,\n         5.82918673e-04,  1.22671330e-03,  1.49279839e-03,\n        -1.67079803e-03,  2.26244344e-03,  1.39787098e-03,\n         9.43918809e-04],\n       [ 6.12611406e-04,  3.39176779e-04,  1.00940393e-03,\n         8.90226491e-04,  1.16629621e-03,  7.20263948e-04,\n        -9.01758582e-04,  1.39787098e-03,  2.26244344e-03,\n         1.05128698e-03],\n       [ 6.82649339e-04,  4.70889629e-04,  8.79366502e-04,\n         8.83325844e-04,  7.36915731e-04,  6.57466913e-04,\n        -6.19224664e-04,  9.43918809e-04,  1.05128698e-03,\n         2.26244344e-03]])", "precision_": "array([[ 5.38049479e+02, -5.45712271e+01,  3.47883185e+00,\n        -1.12029342e+02,  6.91990654e+01, -1.27260655e+02,\n        -7.13063251e+01,  2.11772830e+01, -9.52920493e+01,\n        -7.82304822e+01],\n       [-5.45712271e+01,  5.64907389e+02,  8.76624749e+01,\n        -1.13782093e+02,  1.86967788e+02, -1.32323316e+02,\n         9.06137281e+01, -1.19624013e+02,  1.19959742e+01,\n        -4.40690362e+01],\n       [ 3.47883185e+00,  8.76624749e+01,  6.67171319e+02,\n        -1.58237199e+02,  2.86905555e+02, -3.18908273e+02,\n         7.61483454e+01,  3.71820346e+01, -2.42119140e+02,\n        -9.97717943e+01],\n       [-1.12029342e+02, -1.13782093e+02, -1.58237199e+02,\n         6.45067078e+02, -1.52650601e+02,  7.79262106e+01,\n         6.92748110e+01,  1.44477128e+02, -9.59663540e+01,\n        -1.02514593e+02],\n       [ 6.91990654e+01,  1.86967788e+02,  2.86905555e+02,\n        -1.52650601e+02,  2.61675095e+04, -2.04808113e+04,\n        -1.16155467e+04, -3.52171139e+03, -9.56073147e+03,\n         4.95573609e+01],\n       [-1.27260655e+02, -1.32323316e+02, -3.18908273e+02,\n         7.79262106e+01, -2.04808113e+04,  1.73234695e+04,\n         8.22693891e+03,  1.12342520e+03,  7.81882688e+03,\n        -5.39763934e+01],\n       [-7.13063251e+01,  9.06137281e+01,  7.61483454e+01,\n         6.92748110e+01, -1.16155467e+04,  8.22693891e+03,\n         6.80775296e+03,  3.42250616e+03,  3.93798948e+03,\n        -5.58705166e+01],\n       [ 2.11772830e+01, -1.19624013e+02,  3.71820346e+01,\n         1.44477128e+02, -3.52171139e+03,  1.12342520e+03,\n         3.42250616e+03,  3.92981597e+03,  3.85449838e+02,\n        -1.13682275e+02],\n       [-9.52920493e+01,  1.19959742e+01, -2.42119140e+02,\n        -9.59663540e+01, -9.56073147e+03,  7.81882688e+03,\n         3.93798948e+03,  3.85449838e+02,  4.45357747e+03,\n        -1.52668755e+02],\n       [-7.82304822e+01, -4.40690362e+01, -9.97717943e+01,\n        -1.02514593e+02,  4.95573609e+01, -5.39763934e+01,\n        -5.58705166e+01, -1.13682275e+02, -1.52668755e+02,\n         6.56203192e+02]])"}, "args": {"X": "array([[ 0.03807591,  0.05068012,  0.06169621, ..., -0.00259226,\n         0.01990749, -0.01764613],\n       [-0.00188202, -0.04464164, -0.05147406, ..., -0.03949338,\n        -0.06833155, -0.09220405],\n       [ 0.08529891,  0.05068012,  0.04445121, ..., -0.00259226,\n         0.00286131, -0.02593034],\n       ...,\n       [ 0.04170844,  0.05068012, -0.01590626, ..., -0.01107952,\n        -0.04688253,  0.01549073],\n       [-0.04547248, -0.04464164,  0.03906215, ...,  0.02655962,\n         0.04452873, -0.02593034],\n       [-0.04547248, -0.04464164, -0.0730303 , ..., -0.03949338,\n        -0.00422151,  0.00306441]], shape=(442, 10))"}, "kwargs": {}}, "return": "array([ 6.79827659,  8.87507265,  9.40744298,  7.49716827,  4.71792927,\n        8.09073554,  6.25545103, 13.54393306,  8.62663976,  9.67920939,\n       16.27035809, 24.81636642,  2.30412598,  3.74800697,  7.96095159,\n       21.25908591,  8.80801972,  5.84515716,  3.11547821,  3.07292587,\n        6.55118777,  9.29068083,  8.39623656, 48.38291724,  5.63800605,\n        6.95247771, 11.16462528,  7.82417073, 10.7276361 , 17.23355934,\n        5.28954427,  5.23170317, 29.18783765, 17.95594515,  6.11917694,\n       22.01605174,  7.52910346,  5.60261027,  9.12887072,  8.26805015,\n        9.0273411 , 10.82803447,  5.3289246 , 16.37834959,  9.30861076,\n        4.96301502,  6.25824133, 10.46546363,  8.10873693,  7.14705962,\n        4.51257599,  5.12733194,  3.99435733,  8.96682872,  5.77951037,\n        9.60891537,  5.72148602,  7.03638787, 35.05035089,  7.40083772,\n        5.60204378, 12.57750256, 11.13531772,  8.65114832,  8.47636749,\n       10.81415309,  7.71905515,  3.13568976,  4.58441412,  7.72832631,\n        9.28298447, 13.37449102, 18.36500731,  3.33310273,  9.29011903,\n        4.46106709, 14.22080982,  9.38024117, 15.98378794,  9.62056423,\n        6.83392123,  3.25940631, 10.52544325,  4.59781225, 11.75168158,\n       12.39766878, 15.34375167, 10.1061617 , 13.26484522,  5.47007705,\n        7.55650625,  8.4845596 , 10.71864845,  6.29822541,  8.73950204,\n       10.18680008,  4.32561614, 10.53601051,  7.20932265,  9.51967915,\n        4.73971083,  8.42390728,  9.3591496 ,  8.41299021,  9.74131612,\n        4.31019311,  7.90502542, 13.39979818,  7.09108525, 11.24443512,\n       26.15065251,  4.25038346,  5.60298514,  5.88531452, 15.24953675,\n       11.75318837,  4.72424919, 19.26993437,  7.44862824,  6.57628263,\n        4.4261609 ,  5.49345555,  5.48360003, 30.80625115,  2.56521513,\n       10.1673928 , 11.15230097, 14.92706657,  4.86051106, 10.42897577,\n       15.38653914,  7.93193053,  5.28045466,  7.01859878,  8.12242995,\n       11.04796464,  7.99593334,  9.06202878, 10.77033327,  7.61714806,\n        5.80858826, 26.50485638,  7.61938649,  4.70294227,  5.7609245 ,\n       17.42412826,  4.52724019,  8.69920383,  7.34407315, 12.60353303,\n        6.51258647,  2.46234389, 15.11539993,  7.12727888,  5.32196098,\n        8.86431728,  2.17919393,  4.32255087,  5.59134882,  8.66815674,\n        6.24705179, 15.56567554,  5.94240007,  8.09856344, 10.26982759,\n        5.23751682, 10.89774113, 10.0870163 , 12.52394489, 46.71034443,\n       14.58327416,  7.56174354,  7.72393754,  9.09307328, 12.04463058,\n        6.72562512,  3.11015698,  9.01102817,  5.43063609,  5.3219506 ,\n        4.20003289,  7.89091808,  7.27728152,  6.63105245,  5.58975978,\n       10.24840377, 15.25127473,  9.76067853,  6.71569626,  4.70655005,\n        6.41034408,  9.84647591,  8.91152659,  8.5862118 , 12.14706759,\n        2.9684496 ,  4.40067596,  5.0890821 , 12.1649465 , 12.78524586,\n        9.05999681,  6.94329596, 18.46779376,  5.0548547 , 10.8523214 ,\n        7.59239431,  2.65399366,  6.68925698, 13.42681986,  9.24948788,\n        8.08664696, 10.0614023 ,  6.55880921,  5.43205542, 12.13416376,\n       12.35689192, 19.54504985,  9.13037511,  8.26214963,  8.3138783 ,\n       14.5898394 ,  6.10210227,  7.93016932,  6.73584262,  8.61936447,\n        6.64696784,  8.56408452,  9.09901734,  3.53479445,  5.2786003 ,\n       24.47592851,  3.50611291,  3.4318753 , 10.37431217,  6.18206437,\n        9.01508005,  4.95127012,  8.08868286, 13.1156914 ,  8.24901479,\n        5.54542396,  5.31172304, 11.87681844,  4.54689235,  9.98504494,\n        9.80423533, 12.65239741, 10.77981188, 14.90115927,  5.80601636,\n       10.56298973, 15.44934469,  8.75025137,  7.55114927, 25.03445013,\n        4.61872083, 21.58821555,  7.97171651, 15.40674707,  8.61002315,\n       21.89442828, 30.7404984 , 13.58743243,  9.31660428,  9.91543321,\n        5.94047959, 19.41114278, 11.90098046,  8.32141672, 15.37924851,\n        7.46271163,  4.04225055,  9.83243716, 16.29884222,  4.79490381,\n        5.3596669 , 14.33998359,  7.75328551, 12.33632469,  4.06611182,\n        3.99266468, 14.30974496,  9.51901915,  4.2383509 ,  9.46965252,\n       16.80954843, 25.02899236, 12.33845509, 12.41069635, 12.61150057,\n        5.32952685, 14.92365404,  6.69512812, 14.52874335, 10.45589066,\n       11.30714008,  8.06014254,  6.43709629,  7.96717374,  3.26564476,\n        8.2650561 ,  5.66444559,  2.9786999 , 12.36178973, 13.72218171,\n       11.47260902,  4.77404026,  7.60895369,  5.9939841 , 11.90845085,\n        5.42027239, 12.17042284,  4.46226298,  5.37197415,  3.31888721,\n        4.71493809,  5.32060436, 10.94353733,  7.2522718 , 10.97464201,\n        6.9786074 , 26.00716294, 55.40731092, 37.8606467 , 10.65927435,\n       12.53824901,  5.1791017 , 12.12451422,  8.08886917,  6.4724018 ,\n        7.70391871,  9.88254728,  9.28063124,  3.60279235,  6.31606088,\n        4.27299757, 19.95722438,  5.62021013,  7.32898443,  8.44111774,\n       17.38009972,  6.79533346,  6.54655659, 11.98800439, 10.20162546,\n        7.18200308, 11.08178517,  8.00884707,  6.63707302, 15.07906234,\n       17.0403843 ,  7.32652537, 24.06944445, 51.13484714, 13.79083096,\n        5.86366002,  5.43875998, 11.3596705 ,  7.2657186 ,  3.72078114,\n        3.33786206,  9.8965523 ,  9.18517462,  6.48618585,  8.4250098 ,\n       11.78530603, 16.06096144, 18.06240773,  9.00063436,  5.17003664,\n        7.63650191, 28.55634397,  3.81180821,  5.35088807, 10.48725383,\n        8.10387774, 11.37324433,  9.03074266,  4.34488327, 10.39791349,\n        8.80148625, 10.17669284, 22.90347857,  3.66436947, 12.94542657,\n        5.43662331,  2.89864878, 18.63105596,  7.70571121, 12.2122275 ,\n       14.57012105,  8.38053798,  9.08150899,  4.12375171, 40.62465725,\n        6.73033592, 13.27914728,  8.81586197, 10.22707761,  5.1088908 ,\n       14.91319874,  8.57109921, 14.21039485,  9.33062819,  7.54822695,\n       22.90325747,  9.99545288, 14.71321495, 15.87532867,  9.67858195,\n        8.98808084, 10.68214969, 10.46115362,  4.57042806, 10.2772608 ,\n        7.70568946, 13.08958843, 11.05631464,  8.69015064,  6.71582292,\n       10.82816755,  3.66558252, 18.23409651, 15.26826328,  3.37032766,\n        9.90523522,  8.31831333,  6.44377665,  9.94684881,  4.6063587 ,\n        6.71326857,  6.79465237,  9.37297484, 11.45216127,  5.59563521,\n        3.34670541,  6.07356313,  4.93567397, 10.79290275,  5.01786419,\n        5.06483965, 29.54557332])"}, "name": "mahalanobis"}
{"types": {}, "values": {"inputs": {"self": {"store_precision": true, "assume_centered": false, "n_features_in_": 10, "location_": "array([-1.44429466e-18,  2.54321451e-18, -2.25592546e-16, -4.85408596e-17,\n       -1.42859580e-17,  3.89881064e-17, -6.02836031e-18, -1.78809958e-17,\n        9.16813131e-17,  1.35176953e-17])", "covariance_": "array([[ 2.26244344e-03,  3.93070363e-04,  4.18743589e-04,\n         7.58885944e-04,  5.88372896e-04,  4.96025203e-04,\n        -1.70092703e-04,  4.61178506e-04,  6.12611406e-04,\n         6.82649339e-04],\n       [ 3.93070363e-04,  2.26244344e-03,  1.99460179e-04,\n         5.45272594e-04,  7.98118081e-05,  3.22708726e-04,\n        -8.57668844e-04,  7.51391613e-04,  3.39176779e-04,\n         4.70889629e-04],\n       [ 4.18743589e-04,  1.99460179e-04,  2.26244344e-03,\n         8.94594793e-04,  5.65107289e-04,  5.90882152e-04,\n        -8.29889091e-04,  9.36214031e-04,  1.00940393e-03,\n         8.79366502e-04],\n       [ 7.58885944e-04,  5.45272594e-04,  8.94594793e-04,\n         2.26244344e-03,  5.48561137e-04,  4.19792902e-04,\n        -4.04438080e-04,  5.82918673e-04,  8.90226491e-04,\n         8.83325844e-04],\n       [ 5.88372896e-04,  7.98118081e-05,  5.65107289e-04,\n         5.48561137e-04,  2.26244344e-03,  2.02864923e-03,\n         1.16559648e-04,  1.22671330e-03,  1.16629621e-03,\n         7.36915731e-04],\n       [ 4.96025203e-04,  3.22708726e-04,  5.90882152e-04,\n         4.19792902e-04,  2.02864923e-03,  2.26244344e-03,\n        -4.44468606e-04,  1.49279839e-03,  7.20263948e-04,\n         6.57466913e-04],\n       [-1.70092703e-04, -8.57668844e-04, -8.29889091e-04,\n        -4.04438080e-04,  1.16559648e-04, -4.44468606e-04,\n         2.26244344e-03, -1.67079803e-03, -9.01758582e-04,\n        -6.19224664e-04],\n       [ 4.61178506e-04,  7.51391613e-04,  9.36214031e-04,\n         5.82918673e-04,  1.22671330e-03,  1.49279839e-03,\n        -1.67079803e-03,  2.26244344e-03,  1.39787098e-03,\n         9.43918809e-04],\n       [ 6.12611406e-04,  3.39176779e-04,  1.00940393e-03,\n         8.90226491e-04,  1.16629621e-03,  7.20263948e-04,\n        -9.01758582e-04,  1.39787098e-03,  2.26244344e-03,\n         1.05128698e-03],\n       [ 6.82649339e-04,  4.70889629e-04,  8.79366502e-04,\n         8.83325844e-04,  7.36915731e-04,  6.57466913e-04,\n        -6.19224664e-04,  9.43918809e-04,  1.05128698e-03,\n         2.26244344e-03]])", "precision_": "array([[ 5.38049479e+02, -5.45712271e+01,  3.47883185e+00,\n        -1.12029342e+02,  6.91990654e+01, -1.27260655e+02,\n        -7.13063251e+01,  2.11772830e+01, -9.52920493e+01,\n        -7.82304822e+01],\n       [-5.45712271e+01,  5.64907389e+02,  8.76624749e+01,\n        -1.13782093e+02,  1.86967788e+02, -1.32323316e+02,\n         9.06137281e+01, -1.19624013e+02,  1.19959742e+01,\n        -4.40690362e+01],\n       [ 3.47883185e+00,  8.76624749e+01,  6.67171319e+02,\n        -1.58237199e+02,  2.86905555e+02, -3.18908273e+02,\n         7.61483454e+01,  3.71820346e+01, -2.42119140e+02,\n        -9.97717943e+01],\n       [-1.12029342e+02, -1.13782093e+02, -1.58237199e+02,\n         6.45067078e+02, -1.52650601e+02,  7.79262106e+01,\n         6.92748110e+01,  1.44477128e+02, -9.59663540e+01,\n        -1.02514593e+02],\n       [ 6.91990654e+01,  1.86967788e+02,  2.86905555e+02,\n        -1.52650601e+02,  2.61675095e+04, -2.04808113e+04,\n        -1.16155467e+04, -3.52171139e+03, -9.56073147e+03,\n         4.95573609e+01],\n       [-1.27260655e+02, -1.32323316e+02, -3.18908273e+02,\n         7.79262106e+01, -2.04808113e+04,  1.73234695e+04,\n         8.22693891e+03,  1.12342520e+03,  7.81882688e+03,\n        -5.39763934e+01],\n       [-7.13063251e+01,  9.06137281e+01,  7.61483454e+01,\n         6.92748110e+01, -1.16155467e+04,  8.22693891e+03,\n         6.80775296e+03,  3.42250616e+03,  3.93798948e+03,\n        -5.58705166e+01],\n       [ 2.11772830e+01, -1.19624013e+02,  3.71820346e+01,\n         1.44477128e+02, -3.52171139e+03,  1.12342520e+03,\n         3.42250616e+03,  3.92981597e+03,  3.85449838e+02,\n        -1.13682275e+02],\n       [-9.52920493e+01,  1.19959742e+01, -2.42119140e+02,\n        -9.59663540e+01, -9.56073147e+03,  7.81882688e+03,\n         3.93798948e+03,  3.85449838e+02,  4.45357747e+03,\n        -1.52668755e+02],\n       [-7.82304822e+01, -4.40690362e+01, -9.97717943e+01,\n        -1.02514593e+02,  4.95573609e+01, -5.39763934e+01,\n        -5.58705166e+01, -1.13682275e+02, -1.52668755e+02,\n         6.56203192e+02]])"}, "args": {"X": "array([[ 0.03807591,  0.05068012],\n       [-0.00188202, -0.04464164],\n       [ 0.08529891,  0.05068012],\n       [-0.08906294, -0.04464164],\n       [ 0.00538306, -0.04464164],\n       [-0.09269548, -0.04464164],\n       [-0.04547248,  0.05068012],\n       [ 0.06350368,  0.05068012],\n       [ 0.04170844,  0.05068012],\n       [-0.07090025, -0.04464164],\n       [-0.09632802, -0.04464164],\n       [ 0.02717829,  0.05068012],\n       [ 0.01628068, -0.04464164],\n       [ 0.00538306,  0.05068012],\n       [ 0.04534098, -0.04464164],\n       [-0.05273755,  0.05068012],\n       [-0.00551455, -0.04464164],\n       [ 0.07076875,  0.05068012],\n       [-0.0382074 , -0.04464164],\n       [-0.02730979, -0.04464164],\n       [-0.04910502, -0.04464164],\n       [-0.0854304 ,  0.05068012],\n       [-0.0854304 , -0.04464164],\n       [ 0.04534098,  0.05068012],\n       [-0.06363517, -0.04464164],\n       [-0.06726771,  0.05068012],\n       [-0.10722563, -0.04464164],\n       [-0.02367725, -0.04464164],\n       [ 0.05260606, -0.04464164],\n       [ 0.06713621,  0.05068012],\n       [-0.06000263, -0.04464164],\n       [-0.02367725, -0.04464164],\n       [ 0.03444337,  0.05068012],\n       [ 0.03081083, -0.04464164],\n       [ 0.01628068, -0.04464164],\n       [ 0.04897352,  0.05068012],\n       [ 0.01264814, -0.04464164],\n       [-0.00914709, -0.04464164],\n       [-0.00188202,  0.05068012],\n       [-0.00188202,  0.05068012],\n       [ 0.00538306,  0.05068012],\n       [-0.09996055, -0.04464164],\n       [-0.06000263,  0.05068012],\n       [ 0.01991321, -0.04464164],\n       [ 0.04534098,  0.05068012],\n       [ 0.02717829,  0.05068012],\n       [-0.05637009, -0.04464164],\n       [-0.07816532, -0.04464164],\n       [ 0.06713621,  0.05068012],\n       [-0.04183994,  0.05068012],\n       [ 0.03444337, -0.04464164],\n       [ 0.05987114,  0.05068012],\n       [-0.05273755, -0.04464164],\n       [-0.00914709, -0.04464164],\n       [-0.04910502, -0.04464164],\n       [-0.04183994, -0.04464164],\n       [-0.04183994, -0.04464164],\n       [-0.02730979, -0.04464164],\n       [ 0.04170844, -0.04464164],\n       [ 0.06350368,  0.05068012],\n       [-0.07090025, -0.04464164],\n       [-0.04183994,  0.05068012],\n       [-0.02730979,  0.05068012],\n       [-0.03457486, -0.04464164],\n       [ 0.06713621,  0.05068012],\n       [-0.04547248,  0.05068012],\n       [-0.00914709,  0.05068012],\n       [ 0.04170844,  0.05068012],\n       [ 0.03807591,  0.05068012],\n       [ 0.01628068, -0.04464164],\n       [-0.00188202, -0.04464164],\n       [-0.00188202, -0.04464164],\n       [ 0.06350368,  0.05068012],\n       [ 0.01264814,  0.05068012],\n       [ 0.01264814,  0.05068012],\n       [-0.00914709,  0.05068012],\n       [-0.03094232,  0.05068012],\n       [-0.09632802, -0.04464164],\n       [ 0.00538306, -0.04464164],\n       [-0.10359309, -0.04464164],\n       [ 0.07076875, -0.04464164],\n       [ 0.01264814,  0.05068012],\n       [-0.01641217, -0.04464164],\n       [-0.0382074 , -0.04464164],\n       [ 0.00175052, -0.04464164],\n       [ 0.04534098, -0.04464164],\n       [-0.07090025,  0.05068012],\n       [ 0.04534098, -0.04464164],\n       [-0.05273755,  0.05068012],\n       [-0.04547248, -0.04464164],\n       [ 0.01264814, -0.04464164],\n       [ 0.04534098, -0.04464164],\n       [-0.02004471, -0.04464164],\n       [-0.04910502, -0.04464164],\n       [-0.07816532, -0.04464164],\n       [-0.07090025, -0.04464164],\n       [ 0.0562386 ,  0.05068012],\n       [-0.02730979, -0.04464164],\n       [ 0.00175052,  0.05068012],\n       [-0.00188202, -0.04464164],\n       [ 0.01628068, -0.04464164],\n       [ 0.01628068,  0.05068012],\n       [-0.09269548, -0.04464164],\n       [ 0.05987114,  0.05068012],\n       [-0.02730979, -0.04464164],\n       [ 0.02354575,  0.05068012],\n       [-0.09632802, -0.04464164],\n       [ 0.02717829, -0.04464164],\n       [ 0.01991321,  0.05068012],\n       [ 0.03807591,  0.05068012],\n       [ 0.04170844,  0.05068012],\n       [ 0.01991321, -0.04464164],\n       [-0.0854304 , -0.04464164],\n       [ 0.01991321,  0.05068012],\n       [ 0.02354575, -0.04464164],\n       [-0.03094232,  0.05068012],\n       [ 0.04897352,  0.05068012],\n       [ 0.05987114, -0.04464164],\n       [-0.05637009,  0.05068012],\n       [ 0.01628068, -0.04464164],\n       [-0.04910502, -0.04464164],\n       [ 0.06350368, -0.04464164],\n       [ 0.04897352,  0.05068012],\n       [ 0.00538306,  0.05068012],\n       [-0.00551455, -0.04464164],\n       [-0.00551455,  0.05068012],\n       [-0.08906294, -0.04464164],\n       [ 0.03444337,  0.05068012],\n       [-0.05273755, -0.04464164],\n       [ 0.0090156 , -0.04464164],\n       [-0.06363517,  0.05068012],\n       [-0.09632802, -0.04464164],\n       [ 0.01628068,  0.05068012],\n       [-0.04183994,  0.05068012],\n       [-0.07453279, -0.04464164],\n       [-0.00551455, -0.04464164],\n       [-0.09269548, -0.04464164],\n       [ 0.00538306, -0.04464164],\n       [ 0.03444337,  0.05068012],\n       [ 0.02354575, -0.04464164],\n       [ 0.04170844,  0.05068012],\n       [-0.02730979, -0.04464164],\n       [ 0.04170844,  0.05068012],\n       [-0.03094232, -0.04464164],\n       [ 0.03081083,  0.05068012],\n       [-0.04183994, -0.04464164],\n       [-0.03094232,  0.05068012],\n       [-0.05637009, -0.04464164],\n       [-0.06000263,  0.05068012],\n       [-0.04910502,  0.05068012],\n       [ 0.02354575, -0.04464164],\n       [ 0.00175052, -0.04464164],\n       [-0.03457486,  0.05068012],\n       [ 0.04170844,  0.05068012],\n       [ 0.06713621,  0.05068012],\n       [-0.02730979,  0.05068012],\n       [-0.01641217, -0.04464164],\n       [-0.00188202,  0.05068012],\n       [-0.01277963, -0.04464164],\n       [-0.00551455, -0.04464164],\n       [-0.00914709, -0.04464164],\n       [-0.04547248,  0.05068012],\n       [-0.05273755, -0.04464164],\n       [ 0.01628068,  0.05068012],\n       [ 0.04534098, -0.04464164],\n       [-0.04183994, -0.04464164],\n       [-0.05637009,  0.05068012],\n       [ 0.07076875, -0.04464164],\n       [ 0.00175052,  0.05068012],\n       [-0.00188202, -0.04464164],\n       [ 0.02354575,  0.05068012],\n       [-0.02004471, -0.04464164],\n       [ 0.04170844,  0.05068012],\n       [-0.06363517,  0.05068012],\n       [ 0.01628068,  0.05068012],\n       [ 0.06713621, -0.04464164],\n       [ 0.04534098,  0.05068012],\n       [ 0.04897352, -0.04464164],\n       [ 0.04170844, -0.04464164],\n       [-0.02367725, -0.04464164],\n       [-0.0382074 ,  0.05068012],\n       [ 0.04897352, -0.04464164],\n       [ 0.04534098,  0.05068012],\n       [ 0.04534098,  0.05068012],\n       [ 0.01628068, -0.04464164],\n       [-0.07453279,  0.05068012],\n       [-0.08179786,  0.05068012],\n       [-0.06726771, -0.04464164],\n       [ 0.00538306, -0.04464164],\n       [-0.00188202, -0.04464164],\n       [ 0.0090156 , -0.04464164],\n       [-0.00551455,  0.05068012],\n       [ 0.0562386 ,  0.05068012],\n       [ 0.0090156 ,  0.05068012],\n       [-0.06726771, -0.04464164],\n       [ 0.02717829,  0.05068012],\n       [-0.02367725, -0.04464164],\n       [ 0.04897352,  0.05068012],\n       [-0.05273755, -0.04464164],\n       [ 0.04170844, -0.04464164],\n       [ 0.0562386 , -0.04464164],\n       [-0.03457486,  0.05068012],\n       [ 0.08166637,  0.05068012],\n       [-0.00188202,  0.05068012],\n       [ 0.11072668,  0.05068012],\n       [-0.03094232, -0.04464164],\n       [ 0.00175052,  0.05068012],\n       [ 0.0090156 , -0.04464164],\n       [ 0.03081083, -0.04464164],\n       [ 0.03807591,  0.05068012],\n       [ 0.0090156 , -0.04464164],\n       [ 0.09256398, -0.04464164],\n       [ 0.06713621, -0.04464164],\n       [ 0.00175052, -0.04464164],\n       [ 0.03081083, -0.04464164],\n       [ 0.02717829,  0.05068012],\n       [ 0.01264814,  0.05068012],\n       [ 0.07440129, -0.04464164],\n       [-0.04183994, -0.04464164],\n       [-0.08906294, -0.04464164],\n       [ 0.02354575,  0.05068012],\n       [-0.04547248, -0.04464164],\n       [-0.02367725,  0.05068012],\n       [-0.09996055, -0.04464164],\n       [-0.02730979, -0.04464164],\n       [ 0.03081083,  0.05068012],\n       [-0.10359309,  0.05068012],\n       [ 0.06713621,  0.05068012],\n       [-0.05273755, -0.04464164],\n       [-0.02730979,  0.05068012],\n       [-0.0382074 ,  0.05068012],\n       [ 0.0090156 , -0.04464164],\n       [ 0.01264814,  0.05068012],\n       [ 0.06713621, -0.04464164],\n       [ 0.04534098, -0.04464164],\n       [ 0.06713621,  0.05068012],\n       [ 0.02717829, -0.04464164],\n       [ 0.0562386 , -0.04464164],\n       [ 0.03444337,  0.05068012],\n       [ 0.02354575, -0.04464164],\n       [ 0.04897352,  0.05068012],\n       [ 0.03081083,  0.05068012],\n       [-0.10359309,  0.05068012],\n       [ 0.01628068,  0.05068012],\n       [-0.06000263,  0.05068012],\n       [-0.02730979, -0.04464164],\n       [ 0.04170844, -0.04464164],\n       [-0.08179786, -0.04464164],\n       [-0.04183994, -0.04464164],\n       [-0.01277963, -0.04464164],\n       [ 0.06713621, -0.04464164],\n       [-0.05273755,  0.05068012],\n       [ 0.00538306, -0.04464164],\n       [ 0.08166637, -0.04464164],\n       [ 0.03081083,  0.05068012],\n       [ 0.00175052, -0.04464164],\n       [-0.04910502, -0.04464164],\n       [-0.02730979,  0.05068012],\n       [ 0.07803383,  0.05068012],\n       [ 0.01264814, -0.04464164],\n       [ 0.04170844, -0.04464164],\n       [ 0.04897352, -0.04464164],\n       [-0.01641217,  0.05068012],\n       [-0.07453279,  0.05068012],\n       [ 0.03444337,  0.05068012],\n       [-0.03457486,  0.05068012],\n       [-0.05273755,  0.05068012],\n       [ 0.05987114, -0.04464164],\n       [ 0.06350368,  0.05068012],\n       [ 0.0090156 , -0.04464164],\n       [ 0.00538306,  0.05068012],\n       [ 0.03807591,  0.05068012],\n       [ 0.01264814, -0.04464164],\n       [ 0.07440129,  0.05068012],\n       [ 0.01628068, -0.04464164],\n       [-0.00551455,  0.05068012],\n       [ 0.01264814, -0.04464164],\n       [-0.03457486, -0.04464164],\n       [ 0.06713621,  0.05068012],\n       [ 0.03807591,  0.05068012],\n       [ 0.0090156 ,  0.05068012],\n       [-0.09269548,  0.05068012],\n       [ 0.07076875, -0.04464164],\n       [-0.01641217, -0.04464164],\n       [ 0.04170844,  0.05068012],\n       [ 0.01264814, -0.04464164],\n       [-0.0382074 , -0.04464164],\n       [ 0.04534098, -0.04464164],\n       [ 0.07076875,  0.05068012],\n       [-0.07453279,  0.05068012],\n       [ 0.05987114,  0.05068012],\n       [ 0.07440129, -0.04464164],\n       [ 0.0090156 , -0.04464164],\n       [-0.07090025, -0.04464164],\n       [ 0.02354575,  0.05068012],\n       [-0.05273755,  0.05068012],\n       [ 0.06713621, -0.04464164],\n       [ 0.00175052, -0.04464164],\n       [ 0.02354575,  0.05068012],\n       [ 0.03807591,  0.05068012],\n       [ 0.01628068, -0.04464164],\n       [-0.00188202,  0.05068012],\n       [ 0.01264814, -0.04464164],\n       [ 0.07440129, -0.04464164],\n       [ 0.04170844,  0.05068012],\n       [-0.00914709,  0.05068012],\n       [ 0.0090156 ,  0.05068012],\n       [ 0.06713621,  0.05068012],\n       [ 0.00175052, -0.04464164],\n       [-0.00914709,  0.05068012],\n       [-0.00551455, -0.04464164],\n       [ 0.09619652, -0.04464164],\n       [-0.07453279, -0.04464164],\n       [ 0.05987114,  0.05068012],\n       [-0.02367725, -0.04464164],\n       [ 0.0090156 , -0.04464164],\n       [ 0.01628068,  0.05068012],\n       [ 0.01991321, -0.04464164],\n       [ 0.08893144, -0.04464164],\n       [ 0.01991321, -0.04464164],\n       [-0.02367725, -0.04464164],\n       [ 0.09619652, -0.04464164],\n       [ 0.02354575,  0.05068012],\n       [ 0.07076875,  0.05068012],\n       [ 0.03081083, -0.04464164],\n       [-0.00188202, -0.04464164],\n       [ 0.04534098,  0.05068012],\n       [ 0.07440129, -0.04464164],\n       [-0.0382074 , -0.04464164],\n       [-0.01277963,  0.05068012],\n       [ 0.0090156 ,  0.05068012],\n       [ 0.08166637,  0.05068012],\n       [ 0.03081083, -0.04464164],\n       [ 0.02717829,  0.05068012],\n       [-0.06000263,  0.05068012],\n       [ 0.00538306, -0.04464164],\n       [-0.02004471, -0.04464164],\n       [ 0.01991321,  0.05068012],\n       [-0.06363517, -0.04464164],\n       [ 0.02717829, -0.04464164],\n       [-0.01641217, -0.04464164],\n       [ 0.03081083,  0.05068012],\n       [ 0.0562386 ,  0.05068012],\n       [-0.02004471, -0.04464164],\n       [-0.10722563, -0.04464164],\n       [ 0.08166637,  0.05068012],\n       [ 0.00538306,  0.05068012],\n       [ 0.03807591,  0.05068012],\n       [ 0.03081083, -0.04464164],\n       [ 0.00175052,  0.05068012],\n       [-0.02730979,  0.05068012],\n       [-0.0854304 ,  0.05068012],\n       [ 0.01264814,  0.05068012],\n       [-0.05273755, -0.04464164],\n       [-0.02367725,  0.05068012],\n       [-0.07453279,  0.05068012],\n       [-0.00551455,  0.05068012],\n       [-0.06000263,  0.05068012],\n       [-0.02004471, -0.04464164],\n       [ 0.03807591,  0.05068012],\n       [ 0.01628068, -0.04464164],\n       [ 0.04170844, -0.04464164],\n       [ 0.01991321,  0.05068012],\n       [-0.04910502,  0.05068012],\n       [ 0.00175052,  0.05068012],\n       [ 0.03444337, -0.04464164],\n       [-0.04547248,  0.05068012],\n       [-0.00914709,  0.05068012],\n       [-0.01641217,  0.05068012],\n       [-0.00914709, -0.04464164],\n       [ 0.01991321, -0.04464164],\n       [ 0.05260606,  0.05068012],\n       [-0.02730979,  0.05068012],\n       [-0.07453279, -0.04464164],\n       [-0.10722563, -0.04464164],\n       [ 0.04534098,  0.05068012],\n       [-0.00188202, -0.04464164],\n       [ 0.01991321,  0.05068012],\n       [ 0.01628068,  0.05068012],\n       [-0.00188202, -0.04464164],\n       [ 0.01628068, -0.04464164],\n       [-0.07090025,  0.05068012],\n       [ 0.04897352, -0.04464164],\n       [ 0.00538306,  0.05068012],\n       [ 0.03444337,  0.05068012],\n       [ 0.02354575,  0.05068012],\n       [ 0.01991321, -0.04464164],\n       [-0.04547248, -0.04464164],\n       [ 0.05260606,  0.05068012],\n       [-0.00551455,  0.05068012],\n       [ 0.0090156 ,  0.05068012],\n       [-0.02367725, -0.04464164],\n       [-0.04183994,  0.05068012],\n       [-0.07453279, -0.04464164],\n       [ 0.03444337, -0.04464164],\n       [-0.06000263, -0.04464164],\n       [-0.0854304 ,  0.05068012],\n       [ 0.05260606, -0.04464164],\n       [ 0.01264814, -0.04464164],\n       [ 0.05987114,  0.05068012],\n       [-0.02367725, -0.04464164],\n       [ 0.01628068, -0.04464164],\n       [ 0.11072668,  0.05068012],\n       [-0.02004471, -0.04464164],\n       [-0.01641217, -0.04464164],\n       [ 0.04897352,  0.05068012],\n       [-0.05637009, -0.04464164],\n       [ 0.02717829, -0.04464164],\n       [ 0.06350368, -0.04464164],\n       [-0.05273755,  0.05068012],\n       [-0.00914709,  0.05068012],\n       [ 0.00538306, -0.04464164],\n       [ 0.07440129, -0.04464164],\n       [-0.05273755, -0.04464164],\n       [ 0.08166637,  0.05068012],\n       [-0.00551455, -0.04464164],\n       [-0.02730979, -0.04464164],\n       [-0.05273755, -0.04464164],\n       [ 0.0090156 , -0.04464164],\n       [-0.02004471, -0.04464164],\n       [ 0.02354575, -0.04464164],\n       [ 0.03807591,  0.05068012],\n       [-0.07816532,  0.05068012],\n       [ 0.0090156 ,  0.05068012],\n       [ 0.00175052,  0.05068012],\n       [-0.07816532, -0.04464164],\n       [ 0.03081083,  0.05068012],\n       [-0.03457486,  0.05068012],\n       [ 0.04897352,  0.05068012],\n       [-0.04183994, -0.04464164],\n       [-0.00914709, -0.04464164],\n       [ 0.07076875,  0.05068012],\n       [ 0.0090156 , -0.04464164],\n       [-0.02730979, -0.04464164],\n       [ 0.01628068, -0.04464164],\n       [-0.01277963, -0.04464164],\n       [-0.05637009, -0.04464164],\n       [ 0.04170844,  0.05068012],\n       [-0.00551455,  0.05068012],\n       [ 0.04170844,  0.05068012],\n       [-0.04547248, -0.04464164],\n       [-0.04547248, -0.04464164]])"}, "kwargs": {}}, "return": null}, "name": "mahalanobis"}
