{"types": {}, "values": {"inputs": {"self": {"estimators": [["pipe1", "Pipeline(steps=[('simpleimputer', SimpleImputer()),\n                ('logisticregression', LogisticRegression())])"], ["pipe2", "Pipeline(steps=[('simpleimputer', SimpleImputer()),\n                ('logisticregression', LogisticRegression())])"]], "final_estimator": null, "cv": null, "stack_method": "auto", "n_jobs": null, "verbose": 0, "passthrough": false, "_label_encoder": "LabelEncoder()", "classes_": "array([0, 1, 2])", "final_estimator_": "LogisticRegression()", "estimators_": ["Pipeline(steps=[('simpleimputer', SimpleImputer()),\n                ('logisticregression', LogisticRegression())])", "Pipeline(steps=[('simpleimputer', SimpleImputer()),\n                ('logisticregression', LogisticRegression())])"], "named_estimators_": {"pipe1": "Pipeline(steps=[('simpleimputer', SimpleImputer()),\n                ('logisticregression', LogisticRegression())])", "pipe2": "Pipeline(steps=[('simpleimputer', SimpleImputer()),\n                ('logisticregression', LogisticRegression())])"}, "stack_method_": ["predict_proba", "predict_proba"], "_n_feature_outs": [3, 3]}, "args": {"X": "array([[5.1, 3.5, 1.4, 0.2],\n       [4.9, 3. , 1.4, 0.2],\n       [4.7, 3.2, 1.3, 0.2],\n       [4.6, nan, 1.5, 0.2],\n       [5. , 3.6, 1.4, 0.2],\n       [nan, nan, 1.7, 0.4],\n       [4.6, 3.4, 1.4, 0.3],\n       [5. , 3.4, nan, 0.2],\n       [4.4, 2.9, 1.4, 0.2],\n       [4.9, 3.1, 1.5, 0.1],\n       [5.4, 3.7, 1.5, 0.2],\n       [4.8, 3.4, 1.6, 0.2],\n       [4.8, 3. , 1.4, 0.1],\n       [4.3, 3. , nan, 0.1],\n       [5.8, 4. , 1.2, nan],\n       [5.7, 4.4, 1.5, 0.4],\n       [5.4, 3.9, 1.3, 0.4],\n       [5.1, 3.5, 1.4, 0.3],\n       [5.7, 3.8, 1.7, 0.3],\n       [5.1, nan, 1.5, 0.3],\n       [5.4, 3.4, 1.7, nan],\n       [5.1, 3.7, 1.5, 0.4],\n       [4.6, 3.6, 1. , 0.2],\n       [5.1, 3.3, nan, 0.5],\n       [4.8, 3.4, 1.9, 0.2],\n       [5. , 3. , 1.6, 0.2],\n       [5. , 3.4, 1.6, 0.4],\n       [5.2, 3.5, 1.5, 0.2],\n       [5.2, 3.4, 1.4, nan],\n       [4.7, 3.2, 1.6, 0.2],\n       [4.8, 3.1, 1.6, 0.2],\n       [5.4, 3.4, 1.5, 0.4],\n       [5.2, 4.1, 1.5, 0.1],\n       [5.5, 4.2, 1.4, nan],\n       [4.9, 3.1, 1.5, 0.2],\n       [5. , 3.2, 1.2, 0.2],\n       [5.5, nan, 1.3, 0.2],\n       [nan, 3.6, 1.4, 0.1],\n       [4.4, 3. , 1.3, 0.2],\n       [5.1, 3.4, 1.5, 0.2],\n       [5. , 3.5, nan, 0.3],\n       [4.5, nan, 1.3, 0.3],\n       [4.4, 3.2, 1.3, 0.2],\n       [5. , 3.5, 1.6, 0.6],\n       [5.1, 3.8, 1.9, 0.4],\n       [4.8, 3. , 1.4, 0.3],\n       [5.1, 3.8, 1.6, 0.2],\n       [4.6, 3.2, 1.4, 0.2],\n       [5.3, 3.7, nan, 0.2],\n       [5. , 3.3, 1.4, 0.2],\n       [7. , 3.2, 4.7, 1.4],\n       [6.4, 3.2, 4.5, 1.5],\n       [6.9, 3.1, 4.9, 1.5],\n       [5.5, 2.3, nan, nan],\n       [6.5, 2.8, 4.6, 1.5],\n       [5.7, 2.8, 4.5, 1.3],\n       [6.3, 3.3, 4.7, nan],\n       [4.9, 2.4, 3.3, nan],\n       [6.6, 2.9, 4.6, 1.3],\n       [5.2, 2.7, nan, 1.4],\n       [5. , 2. , 3.5, 1. ],\n       [5.9, 3. , 4.2, nan],\n       [6. , 2.2, 4. , 1. ],\n       [6.1, 2.9, 4.7, 1.4],\n       [5.6, 2.9, 3.6, 1.3],\n       [6.7, 3.1, 4.4, 1.4],\n       [5.6, 3. , 4.5, 1.5],\n       [5.8, nan, 4.1, 1. ],\n       [6.2, 2.2, 4.5, 1.5],\n       [5.6, 2.5, 3.9, 1.1],\n       [5.9, 3.2, 4.8, 1.8],\n       [6.1, 2.8, nan, nan],\n       [6.3, 2.5, nan, nan],\n       [6.1, nan, 4.7, 1.2],\n       [6.4, nan, 4.3, 1.3],\n       [6.6, 3. , 4.4, 1.4],\n       [6.8, 2.8, 4.8, 1.4],\n       [6.7, 3. , 5. , 1.7],\n       [6. , nan, 4.5, 1.5],\n       [5.7, 2.6, 3.5, 1. ],\n       [5.5, 2.4, 3.8, 1.1],\n       [5.5, 2.4, 3.7, 1. ],\n       [5.8, 2.7, 3.9, 1.2],\n       [6. , 2.7, 5.1, 1.6],\n       [5.4, nan, 4.5, 1.5],\n       [6. , 3.4, 4.5, nan],\n       [6.7, 3.1, 4.7, 1.5],\n       [6.3, 2.3, 4.4, 1.3],\n       [5.6, nan, 4.1, 1.3],\n       [5.5, 2.5, 4. , 1.3],\n       [5.5, 2.6, 4.4, 1.2],\n       [6.1, 3. , 4.6, 1.4],\n       [nan, 2.6, 4. , 1.2],\n       [5. , nan, nan, 1. ],\n       [5.6, 2.7, 4.2, 1.3],\n       [5.7, 3. , 4.2, 1.2],\n       [5.7, 2.9, 4.2, 1.3],\n       [6.2, 2.9, 4.3, 1.3],\n       [5.1, 2.5, 3. , nan],\n       [5.7, 2.8, 4.1, 1.3],\n       [6.3, 3.3, 6. , nan],\n       [5.8, 2.7, 5.1, 1.9],\n       [7.1, 3. , 5.9, 2.1],\n       [6.3, 2.9, 5.6, 1.8],\n       [6.5, nan, 5.8, 2.2],\n       [nan, 3. , 6.6, 2.1],\n       [4.9, 2.5, nan, 1.7],\n       [7.3, 2.9, 6.3, 1.8],\n       [6.7, 2.5, 5.8, 1.8],\n       [nan, 3.6, 6.1, 2.5],\n       [6.5, 3.2, 5.1, 2. ],\n       [6.4, 2.7, 5.3, 1.9],\n       [nan, 3. , 5.5, nan],\n       [5.7, 2.5, 5. , 2. ],\n       [5.8, 2.8, 5.1, 2.4],\n       [6.4, 3.2, 5.3, 2.3],\n       [6.5, nan, 5.5, 1.8],\n       [7.7, 3.8, 6.7, 2.2],\n       [7.7, 2.6, 6.9, 2.3],\n       [6. , 2.2, 5. , 1.5],\n       [6.9, 3.2, nan, 2.3],\n       [5.6, 2.8, 4.9, 2. ],\n       [7.7, 2.8, 6.7, 2. ],\n       [6.3, 2.7, 4.9, 1.8],\n       [nan, 3.3, 5.7, 2.1],\n       [7.2, 3.2, 6. , 1.8],\n       [6.2, 2.8, 4.8, 1.8],\n       [6.1, 3. , 4.9, 1.8],\n       [6.4, 2.8, 5.6, 2.1],\n       [nan, 3. , 5.8, 1.6],\n       [7.4, nan, 6.1, 1.9],\n       [7.9, nan, 6.4, 2. ],\n       [6.4, 2.8, 5.6, nan],\n       [6.3, 2.8, 5.1, 1.5],\n       [6.1, 2.6, 5.6, 1.4],\n       [7.7, 3. , 6.1, 2.3],\n       [6.3, 3.4, 5.6, 2.4],\n       [6.4, 3.1, nan, 1.8],\n       [6. , 3. , 4.8, 1.8],\n       [nan, 3.1, 5.4, nan],\n       [6.7, 3.1, 5.6, 2.4],\n       [6.9, nan, 5.1, 2.3],\n       [5.8, 2.7, 5.1, 1.9],\n       [6.8, 3.2, 5.9, 2.3],\n       [nan, 3.3, nan, 2.5],\n       [6.7, nan, 5.2, 2.3],\n       [6.3, 2.5, 5. , 1.9],\n       [6.5, nan, 5.2, 2. ],\n       [6.2, 3.4, 5.4, 2.3],\n       [5.9, 3. , 5.1, 1.8]])"}, "kwargs": {}}, "return": "array([[9.91304141e-01, 8.69572613e-03, 1.32817527e-07, 9.91304141e-01,\n        8.69572613e-03, 1.32817527e-07],\n       [9.81735383e-01, 1.82643353e-02, 2.82139274e-07, 9.81735383e-01,\n        1.82643353e-02, 2.82139274e-07],\n       [9.92489510e-01, 7.51037679e-03, 1.13331566e-07, 9.92489510e-01,\n        7.51037679e-03, 1.13331566e-07],\n       [9.88240477e-01, 1.17592350e-02, 2.87569039e-07, 9.88240477e-01,\n        1.17592350e-02, 2.87569039e-07],\n       [9.93991910e-01, 6.00798877e-03, 1.01439422e-07, 9.93991910e-01,\n        6.00798877e-03, 1.01439422e-07],\n       [8.79664659e-01, 1.20331709e-01, 3.63241085e-06, 8.79664659e-01,\n        1.20331709e-01, 3.63241085e-06],\n       [9.94497296e-01, 5.50254146e-03, 1.62257433e-07, 9.94497296e-01,\n        5.50254146e-03, 1.62257433e-07],\n       [7.28125986e-01, 2.70965754e-01, 9.08259978e-04, 7.28125986e-01,\n        2.70965754e-01, 9.08259978e-04],\n       [9.89684067e-01, 1.03157090e-02, 2.23660038e-07, 9.89684067e-01,\n        1.03157090e-02, 2.23660038e-07],\n       [9.84662858e-01, 1.53369202e-02, 2.21359226e-07, 9.84662858e-01,\n        1.53369202e-02, 2.21359226e-07],\n       [9.89368530e-01, 1.06312981e-02, 1.72128986e-07, 9.89368530e-01,\n        1.06312981e-02, 1.72128986e-07],\n       [9.90887198e-01, 9.11253750e-03, 2.64049937e-07, 9.90887198e-01,\n        9.11253750e-03, 2.64049937e-07],\n       [9.86094954e-01, 1.39048783e-02, 1.68018740e-07, 9.86094954e-01,\n        1.39048783e-02, 1.68018740e-07],\n       [7.95516991e-01, 2.03739103e-01, 7.43906147e-04, 7.95516991e-01,\n        2.03739103e-01, 7.43906147e-04],\n       [9.78797131e-01, 2.11995499e-02, 3.31947412e-06, 9.78797131e-01,\n        2.11995499e-02, 3.31947412e-06],\n       [9.95116688e-01, 4.88316713e-03, 1.45097765e-07, 9.95116688e-01,\n        4.88316713e-03, 1.45097765e-07],\n       [9.93524167e-01, 6.47569929e-03, 1.33812111e-07, 9.93524167e-01,\n        6.47569929e-03, 1.33812111e-07],\n       [9.90220700e-01, 9.77909444e-03, 2.05451955e-07, 9.90220700e-01,\n        9.77909444e-03, 2.05451955e-07],\n       [9.79027025e-01, 2.09723720e-02, 6.02819274e-07, 9.79027025e-01,\n        2.09723720e-02, 6.02819274e-07],\n       [9.71240111e-01, 2.87592183e-02, 6.70868560e-07, 9.71240111e-01,\n        2.87592183e-02, 6.70868560e-07],\n       [9.17596128e-01, 8.23588583e-02, 4.50139957e-05, 9.17596128e-01,\n        8.23588583e-02, 4.50139957e-05],\n       [9.91608480e-01, 8.39119963e-03, 3.20180476e-07, 9.91608480e-01,\n        8.39119963e-03, 3.20180476e-07],\n       [9.98276723e-01, 1.72326078e-03, 1.59255167e-08, 9.98276723e-01,\n        1.72326078e-03, 1.59255167e-08],\n       [5.62827569e-01, 4.33749541e-01, 3.42289035e-03, 5.62827569e-01,\n        4.33749541e-01, 3.42289035e-03],\n       [9.85584214e-01, 1.44149687e-02, 8.17599591e-07, 9.85584214e-01,\n        1.44149687e-02, 8.17599591e-07],\n       [9.71150676e-01, 2.88486755e-02, 6.48106051e-07, 9.71150676e-01,\n        2.88486755e-02, 6.48106051e-07],\n       [9.84243485e-01, 1.57557690e-02, 7.46147396e-07, 9.84243485e-01,\n        1.57557690e-02, 7.46147396e-07],\n       [9.88142645e-01, 1.18571449e-02, 2.10553975e-07, 9.88142645e-01,\n        1.18571449e-02, 2.10553975e-07],\n       [9.60516770e-01, 3.94704712e-02, 1.27589594e-05, 9.60516770e-01,\n        3.94704712e-02, 1.27589594e-05],\n       [9.88107919e-01, 1.18917299e-02, 3.51248454e-07, 9.88107919e-01,\n        1.18917299e-02, 3.51248454e-07],\n       [9.82833379e-01, 1.71661627e-02, 4.58684954e-07, 9.82833379e-01,\n        1.71661627e-02, 4.58684954e-07],\n       [9.74784776e-01, 2.52145122e-02, 7.12257479e-07, 9.74784776e-01,\n        2.52145122e-02, 7.12257479e-07],\n       [9.97053805e-01, 2.94615059e-03, 4.47287846e-08, 9.97053805e-01,\n        2.94615059e-03, 4.47287846e-08],\n       [9.88181872e-01, 1.18143219e-02, 3.80587145e-06, 9.88181872e-01,\n        1.18143219e-02, 3.80587145e-06],\n       [9.82766352e-01, 1.72333054e-02, 3.42129212e-07, 9.82766352e-01,\n        1.72333054e-02, 3.42129212e-07],\n       [9.89673728e-01, 1.03261720e-02, 1.00005273e-07, 9.89673728e-01,\n        1.03261720e-02, 1.00005273e-07],\n       [9.64868953e-01, 3.51307632e-02, 2.84092998e-07, 9.64868953e-01,\n        3.51307632e-02, 2.84092998e-07],\n       [9.81403526e-01, 1.85963466e-02, 1.27552554e-07, 9.81403526e-01,\n        1.85963466e-02, 1.27552554e-07],\n       [9.92840838e-01, 7.15903435e-03, 1.27482971e-07, 9.92840838e-01,\n        7.15903435e-03, 1.27482971e-07],\n       [9.87478329e-01, 1.25214377e-02, 2.32860228e-07, 9.87478329e-01,\n        1.25214377e-02, 2.32860228e-07],\n       [7.46316785e-01, 2.52487212e-01, 1.19600340e-03, 7.46316785e-01,\n        2.52487212e-01, 1.19600340e-03],\n       [9.91679761e-01, 8.32004650e-03, 1.92437802e-07, 9.91679761e-01,\n        8.32004650e-03, 1.92437802e-07],\n       [9.95320203e-01, 4.67970873e-03, 8.79603328e-08, 9.95320203e-01,\n        4.67970873e-03, 8.79603328e-08],\n       [9.83878899e-01, 1.61196167e-02, 1.48388106e-06, 9.83878899e-01,\n        1.61196167e-02, 1.48388106e-06],\n       [9.87472505e-01, 1.25262931e-02, 1.20236266e-06, 9.87472505e-01,\n        1.25262931e-02, 1.20236266e-06],\n       [9.82440980e-01, 1.75586183e-02, 4.01425606e-07, 9.82440980e-01,\n        1.75586183e-02, 4.01425606e-07],\n       [9.93746199e-01, 6.25363844e-03, 1.62084414e-07, 9.93746199e-01,\n        6.25363844e-03, 1.62084414e-07],\n       [9.92519020e-01, 7.48082780e-03, 1.51935242e-07, 9.92519020e-01,\n        7.48082780e-03, 1.51935242e-07],\n       [7.59715407e-01, 2.39585423e-01, 6.99169951e-04, 7.59715407e-01,\n        2.39585423e-01, 6.99169951e-04],\n       [9.88650570e-01, 1.13492535e-02, 1.76701193e-07, 9.88650570e-01,\n        1.13492535e-02, 1.76701193e-07],\n       [3.41494728e-03, 7.91041158e-01, 2.05543895e-01, 3.41494728e-03,\n        7.91041158e-01, 2.05543895e-01],\n       [9.89359253e-03, 7.31039158e-01, 2.59067250e-01, 9.89359253e-03,\n        7.31039158e-01, 2.59067250e-01],\n       [1.67673072e-03, 6.29576944e-01, 3.68746325e-01, 1.67673072e-03,\n        6.29576944e-01, 3.68746325e-01],\n       [3.33077343e-02, 9.29155722e-01, 3.75365441e-02, 3.33077343e-02,\n        9.29155722e-01, 3.75365441e-02],\n       [3.06144137e-03, 7.27799475e-01, 2.69139084e-01, 3.06144137e-03,\n        7.27799475e-01, 2.69139084e-01],\n       [1.69938357e-02, 7.67586600e-01, 2.15419565e-01, 1.69938357e-02,\n        7.67586600e-01, 2.15419565e-01],\n       [1.67007043e-02, 8.01199879e-01, 1.82099416e-01, 1.67007043e-02,\n        8.01199879e-01, 1.82099416e-01],\n       [1.93052844e-01, 7.89869292e-01, 1.70778643e-02, 1.93052844e-01,\n        7.89869292e-01, 1.70778643e-02],\n       [4.72544911e-03, 8.38739948e-01, 1.56534603e-01, 4.72544911e-03,\n        8.38739948e-01, 1.56534603e-01],\n       [8.69147956e-02, 8.22652523e-01, 9.04326810e-02, 8.69147956e-02,\n        8.22652523e-01, 9.04326810e-02],\n       [7.42124365e-02, 9.11693943e-01, 1.40936208e-02, 7.42124365e-02,\n        9.11693943e-01, 1.40936208e-02],\n       [3.94672132e-02, 8.79845220e-01, 8.06875672e-02, 3.94672132e-02,\n        8.79845220e-01, 8.06875672e-02],\n       [1.13837462e-02, 9.65412364e-01, 2.32038899e-02, 1.13837462e-02,\n        9.65412364e-01, 2.32038899e-02],\n       [6.43546943e-03, 6.79100631e-01, 3.14463900e-01, 6.43546943e-03,\n        6.79100631e-01, 3.14463900e-01],\n       [1.10412101e-01, 8.54250823e-01, 3.53370764e-02, 1.10412101e-01,\n        8.54250823e-01, 3.53370764e-02],\n       [7.62736415e-03, 8.54799603e-01, 1.37573033e-01, 7.62736415e-03,\n        8.54799603e-01, 1.37573033e-01],\n       [1.92076285e-02, 6.11833220e-01, 3.68959151e-01, 1.92076285e-02,\n        6.11833220e-01, 3.68959151e-01],\n       [7.69509929e-02, 8.84233388e-01, 3.88156194e-02, 7.69509929e-02,\n        8.84233388e-01, 3.88156194e-02],\n       [1.66563010e-03, 7.60278481e-01, 2.38055889e-01, 1.66563010e-03,\n        7.60278481e-01, 2.38055889e-01],\n       [4.04682202e-02, 9.24038143e-01, 3.54936370e-02, 4.04682202e-02,\n        9.24038143e-01, 3.54936370e-02],\n       [3.64502570e-03, 2.76521473e-01, 7.19833501e-01, 3.64502570e-03,\n        2.76521473e-01, 7.19833501e-01],\n       [3.76672939e-02, 9.34480846e-01, 2.78518605e-02, 3.76672939e-02,\n        9.34480846e-01, 2.78518605e-02],\n       [1.48707388e-02, 9.62284023e-01, 2.28452385e-02, 1.48707388e-02,\n        9.62284023e-01, 2.28452385e-02],\n       [1.32562092e-02, 7.85953675e-01, 2.00790115e-01, 1.32562092e-02,\n        7.85953675e-01, 2.00790115e-01],\n       [1.52584491e-02, 8.83003363e-01, 1.01738188e-01, 1.52584491e-02,\n        8.83003363e-01, 1.01738188e-01],\n       [7.17414402e-03, 8.49622610e-01, 1.43203246e-01, 7.17414402e-03,\n        8.49622610e-01, 1.43203246e-01],\n       [1.61173841e-03, 7.46326747e-01, 2.52061514e-01, 1.61173841e-03,\n        7.46326747e-01, 2.52061514e-01],\n       [7.78611473e-04, 3.90016395e-01, 6.09204993e-01, 7.78611473e-04,\n        3.90016395e-01, 6.09204993e-01],\n       [1.27865103e-02, 6.77490046e-01, 3.09723444e-01, 1.27865103e-02,\n        6.77490046e-01, 3.09723444e-01],\n       [8.73258787e-02, 9.02842039e-01, 9.83208244e-03, 8.73258787e-02,\n        9.02842039e-01, 9.83208244e-03],\n       [4.47700931e-02, 9.25468510e-01, 2.97613970e-02, 4.47700931e-02,\n        9.25468510e-01, 2.97613970e-02],\n       [5.87395009e-02, 9.23991358e-01, 1.72691410e-02, 5.87395009e-02,\n        9.23991358e-01, 1.72691410e-02],\n       [3.97942175e-02, 9.16075339e-01, 4.41304435e-02, 3.97942175e-02,\n        9.16075339e-01, 4.41304435e-02],\n       [9.64829842e-04, 3.13500853e-01, 6.85534317e-01, 9.64829842e-04,\n        3.13500853e-01, 6.85534317e-01],\n       [2.78063279e-02, 5.68767708e-01, 4.03425964e-01, 2.78063279e-02,\n        5.68767708e-01, 4.03425964e-01],\n       [4.55594542e-02, 8.04838662e-01, 1.49601883e-01, 4.55594542e-02,\n        8.04838662e-01, 1.49601883e-01],\n       [3.46486470e-03, 6.95262286e-01, 3.01272849e-01, 3.46486470e-03,\n        6.95262286e-01, 3.01272849e-01],\n       [3.03174303e-03, 8.85149625e-01, 1.11818632e-01, 3.03174303e-03,\n        8.85149625e-01, 1.11818632e-01],\n       [6.88798569e-02, 8.22359107e-01, 1.08761037e-01, 6.88798569e-02,\n        8.22359107e-01, 1.08761037e-01],\n       [3.06318648e-02, 8.82997886e-01, 8.63702487e-02, 3.06318648e-02,\n        8.82997886e-01, 8.63702487e-02],\n       [2.16222684e-02, 8.29914800e-01, 1.48462932e-01, 2.16222684e-02,\n        8.29914800e-01, 1.48462932e-01],\n       [9.82666969e-03, 7.17352424e-01, 2.72820907e-01, 9.82666969e-03,\n        7.17352424e-01, 2.72820907e-01],\n       [2.78108457e-02, 9.18139020e-01, 5.40501343e-02, 2.78108457e-02,\n        9.18139020e-01, 5.40501343e-02],\n       [3.25721887e-01, 6.48862399e-01, 2.54157146e-02, 3.25721887e-01,\n        6.48862399e-01, 2.54157146e-02],\n       [2.81542711e-02, 8.44970488e-01, 1.26875241e-01, 2.81542711e-02,\n        8.44970488e-01, 1.26875241e-01],\n       [5.19237974e-02, 8.54104566e-01, 9.39716370e-02, 5.19237974e-02,\n        8.54104566e-01, 9.39716370e-02],\n       [3.66142579e-02, 8.39695728e-01, 1.23690014e-01, 3.66142579e-02,\n        8.39695728e-01, 1.23690014e-01],\n       [1.47641405e-02, 8.73603750e-01, 1.11632109e-01, 1.47641405e-02,\n        8.73603750e-01, 1.11632109e-01],\n       [2.57667936e-01, 7.35125819e-01, 7.20624498e-03, 2.57667936e-01,\n        7.35125819e-01, 7.20624498e-03],\n       [3.55619577e-02, 8.65263710e-01, 9.91743326e-02, 3.55619577e-02,\n        8.65263710e-01, 9.91743326e-02],\n       [5.39231797e-04, 1.93183170e-01, 8.06277598e-01, 5.39231797e-04,\n        1.93183170e-01, 8.06277598e-01],\n       [3.90203077e-04, 1.31733211e-01, 8.67876586e-01, 3.90203077e-04,\n        1.31733211e-01, 8.67876586e-01],\n       [5.07243783e-06, 3.09697181e-02, 9.69025209e-01, 5.07243783e-06,\n        3.09697181e-02, 9.69025209e-01],\n       [9.09547851e-05, 8.51826950e-02, 9.14726350e-01, 9.09547851e-05,\n        8.51826950e-02, 9.14726350e-01],\n       [9.03012918e-06, 1.81039286e-02, 9.81887041e-01, 9.03012918e-06,\n        1.81039286e-02, 9.81887041e-01],\n       [1.12502553e-06, 2.55860813e-03, 9.97440267e-01, 1.12502553e-06,\n        2.55860813e-03, 9.97440267e-01],\n       [5.49016668e-02, 7.06562174e-01, 2.38536160e-01, 5.49016668e-02,\n        7.06562174e-01, 2.38536160e-01],\n       [2.87450918e-06, 3.88329313e-02, 9.61164194e-01, 2.87450918e-06,\n        3.88329313e-02, 9.61164194e-01],\n       [1.44167290e-05, 8.16093297e-02, 9.18376254e-01, 1.44167290e-05,\n        8.16093297e-02, 9.18376254e-01],\n       [3.98533979e-06, 1.86285788e-03, 9.98133157e-01, 3.98533979e-06,\n        1.86285788e-03, 9.98133157e-01],\n       [3.49834145e-04, 1.38576735e-01, 8.61073431e-01, 3.49834145e-04,\n        1.38576735e-01, 8.61073431e-01],\n       [1.09775611e-04, 1.30799659e-01, 8.69090565e-01, 1.09775611e-04,\n        1.30799659e-01, 8.69090565e-01],\n       [2.51107282e-03, 3.53898646e-01, 6.43590281e-01, 2.51107282e-03,\n        3.53898646e-01, 6.43590281e-01],\n       [2.79815704e-04, 1.19234419e-01, 8.80485766e-01, 2.79815704e-04,\n        1.19234419e-01, 8.80485766e-01],\n       [5.90803412e-05, 2.91290762e-02, 9.70811844e-01, 5.90803412e-05,\n        2.91290762e-02, 9.70811844e-01],\n       [5.39080828e-05, 3.54265157e-02, 9.64519576e-01, 5.39080828e-05,\n        3.54265157e-02, 9.64519576e-01],\n       [1.45782415e-04, 1.14395337e-01, 8.85458880e-01, 1.45782415e-04,\n        1.14395337e-01, 8.85458880e-01],\n       [4.34595245e-07, 4.82063033e-03, 9.95178935e-01, 4.34595245e-07,\n        4.82063033e-03, 9.95178935e-01],\n       [1.40159747e-08, 3.10283941e-03, 9.96897147e-01, 1.40159747e-08,\n        3.10283941e-03, 9.96897147e-01],\n       [6.57549917e-04, 4.73562997e-01, 5.25779453e-01, 6.57549917e-04,\n        4.73562997e-01, 5.25779453e-01],\n       [4.33837275e-03, 6.07501612e-01, 3.88160015e-01, 4.33837275e-03,\n        6.07501612e-01, 3.88160015e-01],\n       [7.72339796e-04, 1.26677126e-01, 8.72550534e-01, 7.72339796e-04,\n        1.26677126e-01, 8.72550534e-01],\n       [1.59814734e-07, 1.18657259e-02, 9.88134114e-01, 1.59814734e-07,\n        1.18657259e-02, 9.88134114e-01],\n       [6.57841989e-04, 3.20028186e-01, 6.79313972e-01, 6.57841989e-04,\n        3.20028186e-01, 6.79313972e-01],\n       [5.85519296e-05, 1.74296967e-02, 9.82511751e-01, 5.85519296e-05,\n        1.74296967e-02, 9.82511751e-01],\n       [1.66316881e-05, 6.34740881e-02, 9.36509280e-01, 1.66316881e-05,\n        6.34740881e-02, 9.36509280e-01],\n       [1.20940548e-03, 3.47310263e-01, 6.51480332e-01, 1.20940548e-03,\n        3.47310263e-01, 6.51480332e-01],\n       [1.46085233e-03, 2.72463425e-01, 7.26075722e-01, 1.46085233e-03,\n        2.72463425e-01, 7.26075722e-01],\n       [1.96184354e-05, 3.80492397e-02, 9.61931142e-01, 1.96184354e-05,\n        3.80492397e-02, 9.61931142e-01],\n       [1.92885483e-04, 7.03811125e-02, 9.29426002e-01, 1.92885483e-04,\n        7.03811125e-02, 9.29426002e-01],\n       [4.85545006e-06, 4.52323844e-02, 9.54762760e-01, 4.85545006e-06,\n        4.52323844e-02, 9.54762760e-01],\n       [6.71174299e-07, 2.47453840e-02, 9.75253945e-01, 6.71174299e-07,\n        2.47453840e-02, 9.75253945e-01],\n       [6.36362102e-04, 4.19194188e-01, 5.80169450e-01, 6.36362102e-04,\n        4.19194188e-01, 5.80169450e-01],\n       [1.15215845e-03, 4.32168286e-01, 5.66679556e-01, 1.15215845e-03,\n        4.32168286e-01, 5.66679556e-01],\n       [2.95073764e-04, 2.37890598e-01, 7.61814328e-01, 2.95073764e-04,\n        2.37890598e-01, 7.61814328e-01],\n       [6.03137379e-07, 1.64728347e-02, 9.83526562e-01, 6.03137379e-07,\n        1.64728347e-02, 9.83526562e-01],\n       [1.81293931e-05, 1.18691141e-02, 9.88112756e-01, 1.81293931e-05,\n        1.18691141e-02, 9.88112756e-01],\n       [1.91280979e-02, 8.29749310e-01, 1.51122592e-01, 1.91280979e-02,\n        8.29749310e-01, 1.51122592e-01],\n       [2.22287863e-03, 3.03079173e-01, 6.94697948e-01, 2.22287863e-03,\n        3.03079173e-01, 6.94697948e-01],\n       [4.09633843e-03, 3.99381305e-01, 5.96522356e-01, 4.09633843e-03,\n        3.99381305e-01, 5.96522356e-01],\n       [7.31616028e-06, 1.71581132e-02, 9.82834571e-01, 7.31616028e-06,\n        1.71581132e-02, 9.82834571e-01],\n       [5.49759176e-05, 7.92709615e-02, 9.20674063e-01, 5.49759176e-05,\n        7.92709615e-02, 9.20674063e-01],\n       [3.90203077e-04, 1.31733211e-01, 8.67876586e-01, 3.90203077e-04,\n        1.31733211e-01, 8.67876586e-01],\n       [4.04599660e-06, 1.26847771e-02, 9.87311177e-01, 4.04599660e-06,\n        1.26847771e-02, 9.87311177e-01],\n       [1.05164219e-02, 2.61152384e-01, 7.28331194e-01, 1.05164219e-02,\n        2.61152384e-01, 7.28331194e-01],\n       [4.57898649e-05, 5.61167815e-02, 9.43837429e-01, 4.57898649e-05,\n        5.61167815e-02, 9.43837429e-01],\n       [2.28625779e-04, 2.24154076e-01, 7.75617299e-01, 2.28625779e-04,\n        2.24154076e-01, 7.75617299e-01],\n       [1.88494273e-04, 1.17877767e-01, 8.81933738e-01, 1.88494273e-04,\n        1.17877767e-01, 8.81933738e-01],\n       [6.44253401e-05, 2.34635768e-02, 9.76471998e-01, 6.44253401e-05,\n        2.34635768e-02, 9.76471998e-01],\n       [9.26554152e-04, 1.71444177e-01, 8.27629269e-01, 9.26554152e-04,\n        1.71444177e-01, 8.27629269e-01]])"}, "name": "transform"}
{"types": {}, "values": {"inputs": {"self": {"estimators": [["lr", "LogisticRegression()"], ["svc", "LinearSVC()"]], "final_estimator": null, "cv": 3, "stack_method": "auto", "n_jobs": null, "verbose": 0, "passthrough": false, "_label_encoder": "LabelEncoder()", "classes_": "array([0, 1, 2])", "final_estimator_": "LogisticRegression()", "estimators_": ["LogisticRegression()", "LinearSVC()"], "named_estimators_": {"lr": "LogisticRegression()", "svc": "LinearSVC()"}, "stack_method_": ["predict_proba", "decision_function"], "_n_feature_outs": [3, 3]}, "args": {"X": "array([[-1.74885626,  0.32841405, -1.39706395, -1.3154443 ],\n       [ 0.55333328,  0.55861082,  0.53540856,  0.52740629],\n       [-0.17367395, -0.59237301,  0.194384  ,  0.13250973],\n       [-0.41600969, -1.74335684,  0.13754657,  0.13250973],\n       [-1.74885626, -0.13197948, -1.39706395, -1.3154443 ],\n       [ 0.18982966,  0.78880759,  0.42173371,  0.52740629],\n       [ 0.31099753, -1.05276654,  1.0469454 ,  0.26414192],\n       [ 1.2803405 ,  0.09821729,  0.76275827,  1.44883158],\n       [ 1.76501198, -0.36217625,  1.44480739,  0.79067065],\n       [ 0.67450115, -0.59237301,  1.0469454 ,  1.31719939],\n       [-1.14301691, -1.28296331,  0.42173371,  0.65903847],\n       [ 1.03800476,  0.09821729,  1.0469454 ,  1.58046376],\n       [-0.29484182, -1.28296331,  0.08070915, -0.13075464],\n       [-0.53717756, -0.13197948,  0.42173371,  0.3957741 ],\n       [-0.17367395,  1.70959465, -1.16971425, -1.18381211],\n       [-0.53717756,  1.47939788, -1.2833891 , -1.3154443 ],\n       [-0.53717756,  0.78880759, -1.16971425, -1.3154443 ],\n       [ 0.31099753, -0.36217625,  0.53540856,  0.26414192],\n       [-0.05250608,  2.16998818, -1.45390138, -1.3154443 ],\n       [-0.17367395, -0.36217625,  0.25122143,  0.13250973],\n       [ 0.79566902, -0.13197948,  0.8195957 ,  1.05393502],\n       [-1.02184904, -1.74335684, -0.26031542, -0.26238682],\n       [ 0.18982966, -0.13197948,  0.59224599,  0.79067065],\n       [ 0.67450115,  0.32841405,  0.42173371,  0.3957741 ],\n       [ 0.79566902, -0.13197948,  0.99010798,  0.79067065],\n       [-1.14301691, -1.51316008, -0.26031542, -0.26238682],\n       [-1.62768839, -1.74335684, -1.39706395, -1.18381211],\n       [ 0.31099753, -0.13197948,  0.64908342,  0.79067065],\n       [-1.02184904,  0.78880759, -1.2833891 , -1.3154443 ],\n       [ 1.03800476, -0.13197948,  0.70592084,  0.65903847],\n       [ 1.03800476, -1.28296331,  1.16062026,  0.79067065],\n       [ 0.79566902, -0.13197948,  1.16062026,  1.31719939],\n       [-1.50652052,  1.24920112, -1.56757623, -1.3154443 ],\n       [-0.7795133 ,  0.78880759, -1.34022653, -1.3154443 ],\n       [-1.02184904,  0.32841405, -1.45390138, -1.3154443 ],\n       [-0.90068117,  0.55861082, -1.16971425, -0.92054774],\n       [ 0.4321654 ,  0.78880759,  0.93327055,  1.44883158],\n       [-0.29484182, -0.13197948,  0.42173371,  0.3957741 ]])"}, "kwargs": {}}, "return": "array([[ 9.85287769e-01,  1.47119118e-02,  3.19530190e-07,\n         1.34236486e+00, -6.23888258e-01, -5.63952560e+00],\n       [ 3.28920417e-02,  6.24667562e-01,  3.42440396e-01,\n        -1.09436861e+00, -7.64506921e-01, -4.24398433e-01],\n       [ 4.43612693e-02,  8.84511049e-01,  7.11276816e-02,\n        -1.14576275e+00, -4.58665146e-02, -1.20505941e+00],\n       [ 1.05223205e-02,  9.17411178e-01,  7.20665020e-02,\n        -1.66929263e+00,  5.94971054e-01, -1.04316964e+00],\n       [ 9.68734792e-01,  3.12644972e-02,  7.10499978e-07,\n         1.10584818e+00, -3.44496432e-01, -5.55692694e+00],\n       [ 1.00903130e-01,  6.37370767e-01,  2.61726103e-01,\n        -8.58258095e-01, -1.00745393e+00, -5.73104350e-01],\n       [ 1.72836449e-03,  5.46201300e-01,  4.52070336e-01,\n        -2.01903349e+00,  6.87361495e-01,  2.23109360e-01],\n       [ 1.51968975e-04,  5.19214423e-02,  9.47926589e-01,\n        -2.12508576e+00, -9.64182278e-01,  1.29718516e+00],\n       [ 3.61736841e-05,  8.63952975e-02,  9.13568529e-01,\n        -2.42238894e+00,  2.55948008e-01,  1.26165760e+00],\n       [ 7.41158172e-05,  4.17798447e-02,  9.58146040e-01,\n        -2.47381254e+00, -3.39439503e-01,  1.71355704e+00],\n       [ 2.02069134e-02,  5.73540354e-01,  4.06252733e-01,\n        -1.80798204e+00,  1.95089582e-02,  2.02163986e-01],\n       [ 5.12004236e-05,  1.94135160e-02,  9.80535284e-01,\n        -2.33162229e+00, -9.18305521e-01,  1.94198675e+00],\n       [ 2.55650053e-02,  9.46999101e-01,  2.74358936e-02,\n        -1.25845824e+00,  4.89912882e-01, -1.63185992e+00],\n       [ 8.23914632e-02,  7.14786769e-01,  2.02821768e-01,\n        -1.14547742e+00, -4.22929167e-01, -5.02203088e-01],\n       [ 9.75248975e-01,  2.47497494e-02,  1.27522830e-06,\n         1.61272504e+00, -1.26926976e+00, -5.59640518e+00],\n       [ 9.83732720e-01,  1.62668480e-02,  4.32376567e-07,\n         1.69210403e+00, -1.13488646e+00, -5.86596555e+00],\n       [ 9.42327670e-01,  5.76702333e-02,  2.09679858e-06,\n         1.27249128e+00, -6.48646311e-01, -5.58008245e+00],\n       [ 1.56449996e-02,  7.83474941e-01,  2.00880059e-01,\n        -1.37248868e+00, -3.39120951e-02, -6.29721651e-01],\n       [ 9.91306480e-01,  8.69336661e-03,  1.53663006e-07,\n         2.07344973e+00, -1.60657124e+00, -6.30561258e+00],\n       [ 5.90415478e-02,  8.64157901e-01,  7.68005510e-02,\n        -1.05992328e+00, -1.51986222e-01, -1.16536618e+00],\n       [ 7.65130254e-04,  1.45788564e-01,  8.53446306e-01,\n        -1.96572156e+00, -5.45226292e-01,  8.81889093e-01],\n       [ 6.23648066e-02,  9.29119308e-01,  8.51588550e-03,\n        -1.11464768e+00,  5.93588585e-01, -2.12951266e+00],\n       [ 8.78329186e-03,  3.96590894e-01,  5.94625814e-01,\n        -1.58811838e+00, -5.43818626e-01,  2.41976856e-01],\n       [ 2.87060796e-02,  7.52465454e-01,  2.18828467e-01,\n        -1.08567553e+00, -5.81992042e-01, -7.66730173e-01],\n       [ 1.08854685e-03,  2.14168886e-01,  7.84742567e-01,\n        -1.90340783e+00, -2.48620711e-01,  7.17960551e-01],\n       [ 1.05546708e-01,  8.86564710e-01,  7.88858208e-03,\n        -9.78717864e-01,  4.41859777e-01, -2.15261915e+00],\n       [ 6.10593558e-01,  3.89390578e-01,  1.58644301e-05,\n         1.80583156e-01,  5.47469370e-01, -5.08257137e+00],\n       [ 6.24482708e-03,  3.67120023e-01,  6.26635150e-01,\n        -1.63820872e+00, -4.98209525e-01,  3.04776572e-01],\n       [ 9.75793965e-01,  2.42053656e-02,  6.69630965e-07,\n         1.40801493e+00, -7.63930302e-01, -5.66929619e+00],\n       [ 2.42077471e-03,  4.29165496e-01,  5.68413730e-01,\n        -1.69687130e+00, -2.94497467e-01,  7.31589651e-02],\n       [ 5.76838653e-05,  1.42602038e-01,  8.57340278e-01,\n        -2.62729909e+00,  5.74653261e-01,  1.13104918e+00],\n       [ 9.34188348e-05,  3.42340597e-02,  9.65672521e-01,\n        -2.31980508e+00, -5.39646022e-01,  1.77475066e+00],\n       [ 9.96312776e-01,  3.68717226e-03,  5.13397890e-08,\n         1.87731186e+00, -1.25933474e+00, -6.08408627e+00],\n       [ 9.67628820e-01,  3.23703772e-02,  8.03286909e-07,\n         1.40509083e+00, -7.73440718e-01, -5.78667444e+00],\n       [ 9.59088770e-01,  4.09104108e-02,  8.19625167e-07,\n         1.26875484e+00, -5.85267094e-01, -5.82967521e+00],\n       [ 9.35601535e-01,  6.43902403e-02,  8.22425440e-06,\n         9.67891893e-01, -8.38864529e-01, -4.87384527e+00],\n       [ 1.12349224e-03,  4.08224313e-02,  9.58054076e-01,\n        -1.74386697e+00, -1.36677166e+00,  1.54361475e+00],\n       [ 5.79380029e-02,  7.31559400e-01,  2.10502598e-01,\n        -1.18082038e+00, -3.98863377e-01, -5.38588773e-01]])"}, "name": "transform"}
{"types": {}, "values": {"inputs": {"self": {"estimators": [["lr", "LogisticRegression()"], ["svc", "LinearSVC()"]], "final_estimator": null, "cv": 3, "stack_method": "auto", "n_jobs": null, "verbose": 0, "passthrough": false, "_label_encoder": "LabelEncoder()", "classes_": "array([0, 1, 2])", "final_estimator_": "LogisticRegression()", "estimators_": ["LogisticRegression()", "LinearSVC()"], "named_estimators_": {"lr": "LogisticRegression()", "svc": "LinearSVC()"}, "stack_method_": ["predict_proba", "decision_function"], "_n_feature_outs": [3, 3]}, "args": {"X": "array([[-1.74885626,  0.32841405, -1.39706395, -1.3154443 ],\n       [ 0.55333328,  0.55861082,  0.53540856,  0.52740629],\n       [-0.17367395, -0.59237301,  0.194384  ,  0.13250973],\n       [-0.41600969, -1.74335684,  0.13754657,  0.13250973],\n       [-1.74885626, -0.13197948, -1.39706395, -1.3154443 ],\n       [ 0.18982966,  0.78880759,  0.42173371,  0.52740629],\n       [ 0.31099753, -1.05276654,  1.0469454 ,  0.26414192],\n       [ 1.2803405 ,  0.09821729,  0.76275827,  1.44883158],\n       [ 1.76501198, -0.36217625,  1.44480739,  0.79067065],\n       [ 0.67450115, -0.59237301,  1.0469454 ,  1.31719939],\n       [-1.14301691, -1.28296331,  0.42173371,  0.65903847],\n       [ 1.03800476,  0.09821729,  1.0469454 ,  1.58046376],\n       [-0.29484182, -1.28296331,  0.08070915, -0.13075464],\n       [-0.53717756, -0.13197948,  0.42173371,  0.3957741 ],\n       [-0.17367395,  1.70959465, -1.16971425, -1.18381211],\n       [-0.53717756,  1.47939788, -1.2833891 , -1.3154443 ],\n       [-0.53717756,  0.78880759, -1.16971425, -1.3154443 ],\n       [ 0.31099753, -0.36217625,  0.53540856,  0.26414192],\n       [-0.05250608,  2.16998818, -1.45390138, -1.3154443 ],\n       [-0.17367395, -0.36217625,  0.25122143,  0.13250973],\n       [ 0.79566902, -0.13197948,  0.8195957 ,  1.05393502],\n       [-1.02184904, -1.74335684, -0.26031542, -0.26238682],\n       [ 0.18982966, -0.13197948,  0.59224599,  0.79067065],\n       [ 0.67450115,  0.32841405,  0.42173371,  0.3957741 ],\n       [ 0.79566902, -0.13197948,  0.99010798,  0.79067065],\n       [-1.14301691, -1.51316008, -0.26031542, -0.26238682],\n       [-1.62768839, -1.74335684, -1.39706395, -1.18381211],\n       [ 0.31099753, -0.13197948,  0.64908342,  0.79067065],\n       [-1.02184904,  0.78880759, -1.2833891 , -1.3154443 ],\n       [ 1.03800476, -0.13197948,  0.70592084,  0.65903847],\n       [ 1.03800476, -1.28296331,  1.16062026,  0.79067065],\n       [ 0.79566902, -0.13197948,  1.16062026,  1.31719939],\n       [-1.50652052,  1.24920112, -1.56757623, -1.3154443 ],\n       [-0.7795133 ,  0.78880759, -1.34022653, -1.3154443 ],\n       [-1.02184904,  0.32841405, -1.45390138, -1.3154443 ],\n       [-0.90068117,  0.55861082, -1.16971425, -0.92054774],\n       [ 0.4321654 ,  0.78880759,  0.93327055,  1.44883158],\n       [-0.29484182, -0.13197948,  0.42173371,  0.3957741 ]])"}, "kwargs": {}}, "return": "array([[ 9.85287769e-01,  1.47119118e-02,  3.19530190e-07,\n         1.34236486e+00, -6.23888258e-01, -5.63952560e+00],\n       [ 3.28920417e-02,  6.24667562e-01,  3.42440396e-01,\n        -1.09436861e+00, -7.64506921e-01, -4.24398433e-01],\n       [ 4.43612693e-02,  8.84511049e-01,  7.11276816e-02,\n        -1.14576275e+00, -4.58665146e-02, -1.20505941e+00],\n       [ 1.05223205e-02,  9.17411178e-01,  7.20665020e-02,\n        -1.66929263e+00,  5.94971054e-01, -1.04316964e+00],\n       [ 9.68734792e-01,  3.12644972e-02,  7.10499978e-07,\n         1.10584818e+00, -3.44496432e-01, -5.55692694e+00],\n       [ 1.00903130e-01,  6.37370767e-01,  2.61726103e-01,\n        -8.58258095e-01, -1.00745393e+00, -5.73104350e-01],\n       [ 1.72836449e-03,  5.46201300e-01,  4.52070336e-01,\n        -2.01903349e+00,  6.87361495e-01,  2.23109360e-01],\n       [ 1.51968975e-04,  5.19214423e-02,  9.47926589e-01,\n        -2.12508576e+00, -9.64182278e-01,  1.29718516e+00],\n       [ 3.61736841e-05,  8.63952975e-02,  9.13568529e-01,\n        -2.42238894e+00,  2.55948008e-01,  1.26165760e+00],\n       [ 7.41158172e-05,  4.17798447e-02,  9.58146040e-01,\n        -2.47381254e+00, -3.39439503e-01,  1.71355704e+00],\n       [ 2.02069134e-02,  5.73540354e-01,  4.06252733e-01,\n        -1.80798204e+00,  1.95089582e-02,  2.02163986e-01],\n       [ 5.12004236e-05,  1.94135160e-02,  9.80535284e-01,\n        -2.33162229e+00, -9.18305521e-01,  1.94198675e+00],\n       [ 2.55650053e-02,  9.46999101e-01,  2.74358936e-02,\n        -1.25845824e+00,  4.89912882e-01, -1.63185992e+00],\n       [ 8.23914632e-02,  7.14786769e-01,  2.02821768e-01,\n        -1.14547742e+00, -4.22929167e-01, -5.02203088e-01],\n       [ 9.75248975e-01,  2.47497494e-02,  1.27522830e-06,\n         1.61272504e+00, -1.26926976e+00, -5.59640518e+00],\n       [ 9.83732720e-01,  1.62668480e-02,  4.32376567e-07,\n         1.69210403e+00, -1.13488646e+00, -5.86596555e+00],\n       [ 9.42327670e-01,  5.76702333e-02,  2.09679858e-06,\n         1.27249128e+00, -6.48646311e-01, -5.58008245e+00],\n       [ 1.56449996e-02,  7.83474941e-01,  2.00880059e-01,\n        -1.37248868e+00, -3.39120951e-02, -6.29721651e-01],\n       [ 9.91306480e-01,  8.69336661e-03,  1.53663006e-07,\n         2.07344973e+00, -1.60657124e+00, -6.30561258e+00],\n       [ 5.90415478e-02,  8.64157901e-01,  7.68005510e-02,\n        -1.05992328e+00, -1.51986222e-01, -1.16536618e+00],\n       [ 7.65130254e-04,  1.45788564e-01,  8.53446306e-01,\n        -1.96572156e+00, -5.45226292e-01,  8.81889093e-01],\n       [ 6.23648066e-02,  9.29119308e-01,  8.51588550e-03,\n        -1.11464768e+00,  5.93588585e-01, -2.12951266e+00],\n       [ 8.78329186e-03,  3.96590894e-01,  5.94625814e-01,\n        -1.58811838e+00, -5.43818626e-01,  2.41976856e-01],\n       [ 2.87060796e-02,  7.52465454e-01,  2.18828467e-01,\n        -1.08567553e+00, -5.81992042e-01, -7.66730173e-01],\n       [ 1.08854685e-03,  2.14168886e-01,  7.84742567e-01,\n        -1.90340783e+00, -2.48620711e-01,  7.17960551e-01],\n       [ 1.05546708e-01,  8.86564710e-01,  7.88858208e-03,\n        -9.78717864e-01,  4.41859777e-01, -2.15261915e+00],\n       [ 6.10593558e-01,  3.89390578e-01,  1.58644301e-05,\n         1.80583156e-01,  5.47469370e-01, -5.08257137e+00],\n       [ 6.24482708e-03,  3.67120023e-01,  6.26635150e-01,\n        -1.63820872e+00, -4.98209525e-01,  3.04776572e-01],\n       [ 9.75793965e-01,  2.42053656e-02,  6.69630965e-07,\n         1.40801493e+00, -7.63930302e-01, -5.66929619e+00],\n       [ 2.42077471e-03,  4.29165496e-01,  5.68413730e-01,\n        -1.69687130e+00, -2.94497467e-01,  7.31589651e-02],\n       [ 5.76838653e-05,  1.42602038e-01,  8.57340278e-01,\n        -2.62729909e+00,  5.74653261e-01,  1.13104918e+00],\n       [ 9.34188348e-05,  3.42340597e-02,  9.65672521e-01,\n        -2.31980508e+00, -5.39646022e-01,  1.77475066e+00],\n       [ 9.96312776e-01,  3.68717226e-03,  5.13397890e-08,\n         1.87731186e+00, -1.25933474e+00, -6.08408627e+00],\n       [ 9.67628820e-01,  3.23703772e-02,  8.03286909e-07,\n         1.40509083e+00, -7.73440718e-01, -5.78667444e+00],\n       [ 9.59088770e-01,  4.09104108e-02,  8.19625167e-07,\n         1.26875484e+00, -5.85267094e-01, -5.82967521e+00],\n       [ 9.35601535e-01,  6.43902403e-02,  8.22425440e-06,\n         9.67891893e-01, -8.38864529e-01, -4.87384527e+00],\n       [ 1.12349224e-03,  4.08224313e-02,  9.58054076e-01,\n        -1.74386697e+00, -1.36677166e+00,  1.54361475e+00],\n       [ 5.79380029e-02,  7.31559400e-01,  2.10502598e-01,\n        -1.18082038e+00, -3.98863377e-01, -5.38588773e-01]])"}, "name": "transform"}
