[THOUGHT]

Let me trace through the execution of `_fit_transform` step by step.

The function receives `K` as a 5x5 symmetric matrix and `self` with parameters including `n_components=4`, `eigen_solver="arpack"`, and `remove_zero_eig=false`.

**Step 1: Kernel Centering**
The first step calls `K = self._centerer.fit_transform(K)`, which performs kernel centering through `fit()` and `transform()`:

First, I'll compute the row sums (which equal column sums since the matrix is symmetric):
- Row 0: 1.47291346 + 1.44411773 + 1.56851324 + 1.06402062 + 1.54967637 = 7.09924142
- Row 1: 1.44411773 + 1.58340425 + 1.47402593 + 0.94727625 + 1.66271466 = 7.11153882
- Row 2: 1.56851324 + 1.47402593 + 1.98223169 + 1.00463884 + 1.41497592 = 7.44438562
- Row 3: 1.06402062 + 0.94727625 + 1.00463884 + 1.1920414 + 0.91323582 = 5.12121293
- Row 4: 1.54967637 + 1.66271466 + 1.41497592 + 0.91323582 + 2.05611366 = 7.59671643

Row/Column means: [1.41984828, 1.42230776, 1.48887712, 1.02424259, 1.51934329]

Grand mean = (7.09924142 + 7.11153882 + 7.44438562 + 5.12121293 + 7.59671643) / 25 = 1.37492381

The centered kernel is computed as: K_c[i,j] = K[i,j] - row_mean[i] - col_mean[j] + grand_mean

**Step 2: Determine n_components**
- n_components = min(5, 4) = 4

**Step 3: Eigendecomposition**
Since eigen_solver='arpack', the code performs eigenvalue decomposition, which modifies `self.lambdas_` and `self.alphas_` attributes, but doesn't affect the return value.

**Step 4: Return centered K**
The function returns `K`, the centered kernel matrix.

Computing each element of the centered matrix K_c:
- K_c[i,j] = K[i,j] - rm[i] - cm[j] + gm

The centered matrix values are:

</THOUGHT>

[OUTPUT]
```
{
    "output": [
        [0.00814071, -0.02311450, 0.03471165, -0.00514644, -0.01459139],
        [-0.02311450, 0.11371254, -0.06223514, -0.12435029, 0.09598742],
        [0.03471165, -0.06223514, 0.37940126, -0.13355706, -0.21832068],
        [-0.00514644, -0.12435029, -0.13355706, 0.51848003, -0.25542625],
        [-0.01459139, 0.09598742, -0.21832068, -0.25542625, 0.39235089]
    ]
}
```
[/OUTPUT]