[THOUGHT]
Let me trace through the execution to understand what input would produce the given output.

The output is a list of 3 arrays, each with 5 float values:
```
[
    [0.97291764, 0.78306588, 0.33642111, 0.38893703, 0.74362113],
    [0.11094361, 0.97289726, 0.56741904, 0.90630365, 0.63297416],
    [0.38826409, 0.48320961, 0.04794151, 0.16101821, 0.32418002]
]
```

Now let me work backwards through the function:

1. The function `_reshape_2D` first calls `_unpack_to_numpy(X)`. This tries to extract numpy arrays from various data types. Since we're not told anything special about X, I'll assume it's already a numpy array or something that converts to one directly.

2. After unpacking, it checks `if isinstance(X, np.ndarray)`. If true:
   - It transposes X: `X = X.transpose()`
   - Then applies list comprehension: `return [np.reshape(x, -1) for x in X]`

3. The output shows 3 rows of 5 elements each. After `X.transpose()`, iterating through X means iterating through the rows of the transposed array.

4. If we transpose the output we're seeing, we would get a 5x3 array (5 rows, 3 columns). The transpose of that would be a 3x5 array.

5. So the original input X (before transpose) should be a 5x3 array, which when transposed becomes 3x5, and when we iterate and reshape each row, we get the 3 arrays of 5 elements each.

Let me verify: 
- Original X shape: (5, 3)
- After transpose: (3, 5)
- Iterating through: 3 iterations, each giving a row of 5 elements
- After reshape with -1: maintains the 5 elements as 1D arrays

So the input X should be a 5x3 numpy array with the values arranged such that when transposed and reshaped, we get the output.

Looking at the output again and transposing it back:
```
Original (transposed back to 5x3):
[0.97291764, 0.11094361, 0.38826409]
[0.78306588, 0.97289726, 0.48320961]
[0.33642111, 0.56741904, 0.04794151]
[0.38893703, 0.90630365, 0.16101821]
[0.74362113, 0.63297416, 0.32418002]
```

This is a 5x3 numpy array.

The `name` parameter is just a string used for error messages, so it could be any descriptive string. Let's use "X" as a generic name.

</THOUGHT>

[INPUT]
```
{
    "self": {},
    "args": {
        "X": [[0.97291764, 0.11094361, 0.38826409], [0.78306588, 0.97289726, 0.48320961], [0.33642111, 0.56741904, 0.04794151], [0.38893703, 0.90630365, 0.16101821], [0.74362113, 0.63297416, 0.32418002]],
        "name": "X"
    },
    "kwargs": {}
}
```
[/INPUT]