[THOUGHT]
Let me analyze the output and trace back to understand what inputs would produce this result.

The output is:
```
[0.         2.33249979 0.         0.         0.         0.        0.         0.         0.         0.         0.         0.        ]
```

This is a 1D array of length 12 with mostly zeros and one non-zero value (2.33249979) at index 1.

Looking at the `orthogonal_mp_gram` function:
1. It processes the Gram matrix and Xy vector
2. It can return either the full coefficient path or just the final coefficients
3. The output shows `np.squeeze(coef)` at the end

Since the output is 1D with 12 elements, and looking at the return statement, this suggests:
- `Xy.shape[1] == 1` (single column), so it returns a 1D array
- The length 12 indicates the Gram matrix has size 12x12
- `len(Gram) == 12`

The function calls `_gram_omp` for each column of Xy. The output has mostly zeros with one significant value at index 1.

Looking at `_gram_omp`:
- It returns `(gamma, indices[:n_active], n_active)` normally (not return_path)
- `gamma` is the solution vector
- `indices` are the indices of active features
- The function builds a sparse solution

For the output pattern (zeros except at index 1), this suggests:
- The Gram matrix and Xy input are such that only feature 1 is selected as active
- The coefficient at that position is approximately 2.33249979

Since `return_path=False` (not specified in structure, defaults to False), we get a squeezed coefficient array.

The inputs should be:
- `Gram`: A 12x12 Gram matrix (likely a correlation/Gram matrix from dictionary learning)
- `Xy`: A 12-element vector (the correlation between dictionary atoms and the signal)
- `n_nonzero_coefs`: Some number limiting active coefficients (likely around 1-3)
- `tol`: None (since we're using n_nonzero_coefs)
- `norms_squared`: A vector of squared norms
- `copy_Xy`: True or False

Looking at the call in `_sparse_encode`, it's called with:
```python
orthogonal_mp_gram(Gram=gram, Xy=cov, n_nonzero_coefs=int(regularization), tol=None, norms_squared=row_norms(X, squared=True), copy_Xy=copy_cov).T
```

So the typical call has:
- `Gram`: correlation matrix
- `Xy`: covariance between dictionary and signal
- `n_nonzero_coefs`: integer controlling sparsity
- `tol`: None
- `norms_squared`: row norms of input X
- `copy_Xy`: typically False for the inner calls

For the specific output pattern, I need Gram and Xy such that when OMP runs, it selects feature 1 with coefficient 2.33249979 and no others.

Let me create a reasonable input that would produce this:
- `Gram`: 12x12 matrix
- `Xy`: 12-element vector with significant correlation at index 1
- `n_nonzero_coefs`: 1 (to select only 1 atom)
- `tol`: None
- `norms_squared`: array of 12 elements
- `copy_Xy`: True

For a simple case with n_nonzero_coefs=1, the algorithm would select the feature with maximum correlation.

[/THOUGHT]

[INPUT]
```
{
    "self": {},
    "args": {},
    "kwargs": {
        "Gram": "[[1.0, 0.5, 0.1, 0.2, 0.15, 0.05, 0.08, 0.12, 0.03, 0.07, 0.06, 0.09], [0.5, 1.0, 0.3, 0.4, 0.25, 0.15, 0.2, 0.18, 0.12, 0.14, 0.11, 0.13], [0.1, 0.3, 1.0, 0.35, 0.22, 0.18, 0.25, 0.2, 0.16, 0.17, 0.12, 0.14], [0.2, 0.4, 0.35, 1.0, 0.3, 0.2, 0.25, 0.22, 0.18, 0.19, 0.15, 0.17], [0.15, 0.25, 0.22, 0.3, 1.0, 0.25, 0.2, 0.18, 0.14, 0.16, 0.12, 0.15], [0.05, 0.15, 0.18, 0.2, 0.25, 1.0, 0.22, 0.2, 0.16, 0.17, 0.13, 0.15], [0.08, 0.2, 0.25, 0.25, 0.2, 0.22, 1.0, 0.24, 0.18, 0.19, 0.14, 0.16], [0.12, 0.18, 0.2, 0.22, 0.18, 0.2, 0.24, 1.0, 0.2, 0.21, 0.16, 0.18], [0.03, 0.12, 0.16, 0.18, 0.14, 0.16, 0.18, 0.2, 1.0, 0.22, 0.17, 0.19], [0.07, 0.14, 0.17, 0.19, 0.16, 0.17, 0.19, 0.21, 0.22, 1.0, 0.18, 0.2], [0.06, 0.11, 0.12, 0.15, 0.12, 0.13, 0.14, 0.16, 0.17, 0.18, 1.0, 0.19], [0.09, 0.13, 0.14, 0.17, 0.15, 0.15, 0.16, 0.18, 0.19, 0.2, 0.19, 1.0]]",
        "Xy": "[0.1, 2.5, 0.2, 0.3, 0.25, 0.15, 0.2, 0.18, 0.12, 0.14, 0.11, 0.13]",
        "n_nonzero_coefs": 1,
        "tol": null,
        "norms_squared": "[1.0, 1.0, 1.0, 1.0, 1.0, 1.0, 1.0, 1.0, 1.0, 1.0, 1.0, 1.0]",
        "copy_Xy": true
    }
}
```
[/INPUT]