{"types": {"inputs": {"self": "in ground truth values, it is an empty dict", "args": {"matrix": "np.ndarray[float64]"}, "kwargs": "in ground truth values, it is an empty dict"}, "return": "str"}, "values": {"inputs": {"self": {}, "args": {"matrix": "[[ 1.          0.          0.        ]\n [ 0.          0.81915204  0.57357644]\n [ 0.         -0.57357644  0.81915204]]"}, "kwargs": {}}, "return": "True"}, "name": "is_O3"}
{"types": {"inputs": {"self": "in ground truth values, it is an empty dict", "args": {"matrix": "np.ndarray[float64]"}, "kwargs": "in ground truth values, it is an empty dict"}, "return": "np.ndarray[bool_]"}, "values": {"inputs": {"self": {}, "args": {"matrix": "[[[ 1.          0.          0.        ]\n  [ 0.          0.81915204  0.57357644]\n  [ 0.         -0.57357644  0.81915204]]\n\n [[ 1.          0.          0.        ]\n  [ 0.          0.81915204  0.57357644]\n  [ 0.         -0.57357644  0.81915204]]]"}, "kwargs": {}}, "return": "[ True  True]"}, "name": "is_O3"}
{"types": {"inputs": {"self": "in ground truth values, it is an empty dict", "args": {"matrix": "np.ndarray[float64]"}, "kwargs": "in ground truth values, it is an empty dict"}, "return": "np.ndarray[bool_]"}, "values": {"inputs": {"self": {}, "args": {"matrix": "[[[ 0.5         0.          0.        ]\n  [ 0.          0.40957602  0.28678822]\n  [ 0.         -0.28678822  0.40957602]]\n\n [[ 0.5         0.          0.        ]\n  [ 0.          0.40957602  0.28678822]\n  [ 0.         -0.28678822  0.40957602]]]"}, "kwargs": {}}, "return": "[False False]"}, "name": "is_O3"}
{"types": {"inputs": {"self": "in ground truth values, it is an empty dict", "args": {"matrix": "np.ndarray[float64]"}, "kwargs": {"atol": "int"}}, "return": "np.ndarray[bool_]"}, "values": {"inputs": {"self": {}, "args": {"matrix": "[[[ 0.5         0.          0.        ]\n  [ 0.          0.40957602  0.28678822]\n  [ 0.         -0.28678822  0.40957602]]\n\n [[ 0.5         0.          0.        ]\n  [ 0.          0.40957602  0.28678822]\n  [ 0.         -0.28678822  0.40957602]]]"}, "kwargs": {"atol": 1}}, "return": "[ True  True]"}, "name": "is_O3"}
{"types": {"inputs": {"self": "in ground truth values, it is an empty dict", "args": {"matrix": "np.ndarray[float64]"}, "kwargs": "in ground truth values, it is an empty dict"}, "return": "str"}, "values": {"inputs": {"self": {}, "args": {"matrix": "[[-1.          0.          0.        ]\n [ 0.          0.81915204  0.57357644]\n [ 0.         -0.57357644  0.81915204]]"}, "kwargs": {}}, "return": "True"}, "name": "is_O3"}
{"types": {"inputs": {"self": "in ground truth values, it is an empty dict", "args": {"matrix": "np.ndarray[float64]"}, "kwargs": "in ground truth values, it is an empty dict"}, "return": "np.ndarray[bool_]"}, "values": {"inputs": {"self": {}, "args": {"matrix": "[[[ 1.          0.          0.        ]\n  [ 0.          0.81915204  0.57357644]\n  [ 0.         -0.57357644  0.81915204]]\n\n [[-1.          0.          0.        ]\n  [ 0.          0.81915204  0.57357644]\n  [ 0.         -0.57357644  0.81915204]]]"}, "kwargs": {}}, "return": "[ True  True]"}, "name": "is_O3"}
{"types": {"inputs": {"self": "in ground truth values, it is an empty dict", "args": {"matrix": "np.ndarray[int64]"}, "kwargs": "in ground truth values, it is an empty dict"}, "return": "str"}, "values": {"inputs": {"self": {}, "args": {"matrix": "[[1 2 3]\n [4 5 6]\n [7 8 9]]"}, "kwargs": {}}, "return": "False"}, "name": "is_O3"}
{"types": {"inputs": {"self": "in ground truth values, it is an empty dict", "args": {"matrix": "np.ndarray[float64]"}, "kwargs": "in ground truth values, it is an empty dict"}, "return": "np.ndarray[bool_]"}, "values": {"inputs": {"self": {}, "args": {"matrix": "[[[ 1.          0.          0.        ]\n  [ 0.          0.81915204  0.57357644]\n  [ 0.         -0.57357644  0.81915204]]\n\n [[ 1.          2.          3.        ]\n  [ 4.          5.          6.        ]\n  [ 7.          8.          9.        ]]]"}, "kwargs": {}}, "return": "[ True False]"}, "name": "is_O3"}
{"types": {"inputs": {"self": "in ground truth values, it is an empty dict", "args": {"matrix": "np.ndarray[float64]"}, "kwargs": {"atol": "float"}}, "return": "str"}, "values": {"inputs": {"self": {}, "args": {"matrix": "[[ 1.          0.          0.        ]\n [ 0.          0.81915204  0.57357644]\n [ 0.         -0.57357644  0.81915204]]"}, "kwargs": {"atol": 1.1102230246251565e-15}}, "return": "True"}, "name": "is_O3"}
{"types": {"inputs": {"self": "in ground truth values, it is an empty dict", "args": {"matrix": "np.ndarray[float64]"}, "kwargs": {"atol": "float"}}, "return": "np.ndarray[bool_]"}, "values": {"inputs": {"self": {}, "args": {"matrix": "[[[ 1.          0.          0.        ]\n  [ 0.          0.81915204  0.57357644]\n  [ 0.         -0.57357644  0.81915204]]\n\n [[ 1.          0.          0.        ]\n  [ 0.          0.81915204  0.57357644]\n  [ 0.         -0.57357644  0.81915204]]]"}, "kwargs": {"atol": 1.1102230246251565e-15}}, "return": "[ True  True]"}, "name": "is_O3"}
{"types": {"inputs": {"self": "in ground truth values, it is an empty dict", "args": {"matrix": "np.ndarray[float64]"}, "kwargs": {"atol": "float"}}, "return": "np.ndarray[bool_]"}, "values": {"inputs": {"self": {}, "args": {"matrix": "[[[ 0.5         0.          0.        ]\n  [ 0.          0.40957602  0.28678822]\n  [ 0.         -0.28678822  0.40957602]]\n\n [[ 0.5         0.          0.        ]\n  [ 0.          0.40957602  0.28678822]\n  [ 0.         -0.28678822  0.40957602]]]"}, "kwargs": {"atol": 1.1102230246251565e-15}}, "return": "[False False]"}, "name": "is_O3"}
{"types": {"inputs": {"self": "in ground truth values, it is an empty dict", "args": {"matrix": "np.ndarray[float64]"}, "kwargs": {"atol": "int"}}, "return": "np.ndarray[bool_]"}, "values": {"inputs": {"self": {}, "args": {"matrix": "[[[ 0.5         0.          0.        ]\n  [ 0.          0.40957602  0.28678822]\n  [ 0.         -0.28678822  0.40957602]]\n\n [[ 0.5         0.          0.        ]\n  [ 0.          0.40957602  0.28678822]\n  [ 0.         -0.28678822  0.40957602]]]"}, "kwargs": {"atol": 10}}, "return": "[ True  True]"}, "name": "is_O3"}
{"types": {"inputs": {"self": "in ground truth values, it is an empty dict", "args": {"matrix": "np.ndarray[float64]"}, "kwargs": {"atol": "float"}}, "return": "str"}, "values": {"inputs": {"self": {}, "args": {"matrix": "[[-1.  0.  0.]\n [ 0.  1.  0.]\n [ 0.  0.  1.]]"}, "kwargs": {"atol": 1.1102230246251565e-15}}, "return": "True"}, "name": "is_O3"}
{"types": {"inputs": {"self": "in ground truth values, it is an empty dict", "args": {"matrix": "np.ndarray[float64]"}, "kwargs": {"atol": "float"}}, "return": "np.ndarray[bool_]"}, "values": {"inputs": {"self": {}, "args": {"matrix": "[[[ 1.          0.          0.        ]\n  [ 0.          0.81915204  0.57357644]\n  [ 0.         -0.57357644  0.81915204]]\n\n [[-1.          0.          0.        ]\n  [ 0.          1.          0.        ]\n  [ 0.          0.          1.        ]]]"}, "kwargs": {"atol": 1.1102230246251565e-15}}, "return": "[ True  True]"}, "name": "is_O3"}
{"types": {"inputs": {"self": "in ground truth values, it is an empty dict", "args": {"matrix": "np.ndarray[int64]"}, "kwargs": {"atol": "float"}}, "return": "str"}, "values": {"inputs": {"self": {}, "args": {"matrix": "[[1 2 3]\n [4 5 6]\n [7 8 9]]"}, "kwargs": {"atol": 1e-15}}, "return": "False"}, "name": "is_O3"}
{"types": {"inputs": {"self": "in ground truth values, it is an empty dict", "args": {"matrix": "np.ndarray[float64]"}, "kwargs": {"atol": "float"}}, "return": "np.ndarray[bool_]"}, "values": {"inputs": {"self": {}, "args": {"matrix": "[[[ 1.          0.          0.        ]\n  [ 0.          0.81915204  0.57357644]\n  [ 0.         -0.57357644  0.81915204]]\n\n [[ 1.          2.          3.        ]\n  [ 4.          5.          6.        ]\n  [ 7.          8.          9.        ]]]"}, "kwargs": {"atol": 1.1102230246251565e-15}}, "return": "[ True False]"}, "name": "is_O3"}
