{"types": {"inputs": {"self": "in ground truth values, it is an empty dict", "args": {"func": "in ground truth values, it is an empty dict", "X": "np.ndarray[float64]"}, "kwargs": "in ground truth values, it is an empty dict"}, "return": "list of 2 np.ndarray[float64]"}, "values": {"inputs": {"self": {}, "args": {"func": {}, "X": "[[ 1.64644051  2.1455681   1.80829013]\n [ 1.63464955  1.2709644   1.93768234]\n [ 1.31276163  2.675319    2.89098828]\n [ 1.15032456  2.37517511  1.58668476]\n [ 1.70413368  2.77678991  0.21310817]\n [ 0.2613879   0.06065519  2.49785954]\n [ 2.33447025  2.61003644  2.93585503]\n [ 2.39747569  1.38443809  2.34158753]\n [ 0.35482328  1.91976306  0.43005986]\n [ 2.83400675  1.56554497  1.24398582]\n [ 0.79366684  2.32270107  1.368451  ]\n [ 1.70530185  0.0563694   1.85290649]\n [ 1.83628717  1.85080199  2.83124424]\n [ 2.0454609   1.0785237   1.31109586]\n [ 2.09289359  0.18067641  2.00030015]\n [ 2.01191361  0.63114768  0.38677889]\n [ 0.94628505  1.09113231  1.71059031]\n [ 1.31580454  2.96512151  0.30613443]\n [ 0.62663027  0.48392855  1.95932498]\n [ 0.75987481  1.39893232  0.73327678]]"}, "kwargs": {}}, "return": ["[ 1.  1.  1.  1.  1.  1.  1.  1.  1.  1.  1.  1.  1.  1.  1.  1.  1.  1.\n  1.  1.]", "[ 1.  1.  1.  1.  1.  1.  1.  1.  1.  1.  1.  1.  1.  1.  1.  1.  1.  1.\n  1.  1.]"]}, "name": "_apply_func"}
{"types": {"inputs": {"self": "in ground truth values, it is an empty dict", "args": {"func": "in ground truth values, it is an empty dict", "X": "np.ndarray[float64]"}, "kwargs": "in ground truth values, it is an empty dict"}, "return": "list of 2 np.ndarray[int64]"}, "values": {"inputs": {"self": {}, "args": {"func": {}, "X": "[[ 10.58414201   8.92218575  13.12920861   9.85922729   9.148908\n    5.07735421  14.75245499  11.15197691   5.48085081  10.27449414\n    8.76479498   6.27921495  12.1140703    8.05261744   7.45060135\n    5.36607486   6.9923443    9.0818439    5.61303914   5.57857038]\n [  8.92218575   8.0420425   11.14795735   7.97363156   6.72779843\n    5.34442651  12.82205858  10.21585688   3.85328162   9.03280913\n    6.90106083   6.44955858  10.84004138   7.25486426   7.52672712\n    4.84039454   6.24821539   6.51263446   5.43592625   4.44097964]\n [ 13.12920861  11.14795735  17.23848812  12.45154011  10.28201338\n    7.72669464  18.53480556  13.62062973   6.84507501  11.50505596\n   11.21203747   7.74619192  15.54718699   9.36096031   9.01368173\n    5.44785763   9.10667027  10.54501471   7.78166498   6.86001928]\n [  9.85922729   7.97363156  12.45154011   9.48227193   8.89380462\n    4.40806328  13.5429685    9.7615193    5.65030481   8.95228434\n    8.60109657   5.03551628  11.00059713   6.99492238   6.01049077\n    4.42713608   6.39433283   9.04202394   4.97907432   5.36029097]\n [  9.148908     6.72779843  10.28201338   8.89380462  10.66004894\n    1.14618094  11.85142697   8.42892424   6.02709429   9.44181938\n    8.09379538   3.45745782   8.87192841   6.7599778    4.49455122\n    5.26356001   5.00698221  10.5410661    2.82917784   5.33573668]\n [  5.07735421   5.34442651   7.72669464   4.40806328   1.14618094\n    6.31130495   8.10186801   6.55960123   1.28341924   3.94303535\n    3.76653716   5.07746451   7.66429441   3.87501009   5.55448482\n    1.5302916    4.58634462   1.28846621   5.08726493   2.11509698]\n [ 14.75245499  12.82205858  18.53480556  13.5429685   11.85142697\n    8.10186801  20.88128634  16.08483107   7.10156936  14.35419589\n   11.9326998    9.56796746  17.42954104  11.43924116  11.22996109\n    7.47959768  10.07901457  11.70954808   8.47821496   7.57796378]\n [ 11.15197691  10.21585688  13.62062973   9.7615193    8.42892424\n    6.55960123  16.08483107  13.14759067   4.5154961   11.87476406\n    8.32278056   8.5052024   13.59438081   9.46713779   9.95167469\n    6.6029755    7.78479748   7.97647713   6.76023089   5.47554832]\n [  5.48085081   3.85328162   6.84507501   5.65030481   6.02709429\n    1.28341924   7.10156936   4.5154961    3.99634127   4.54603533\n    5.32916303   1.5101574    5.42226324   3.36013681   1.94971208\n    2.09186587   3.16613571   6.29086497   1.9939982    3.27059277]\n [ 10.27449414   9.03280913  11.50505596   8.95228434   9.44181938\n    3.94303535  14.35419589  11.87476406   4.54603533  12.03002602\n    7.58788377   7.22607518  11.62359165   9.116312     8.70247663\n    7.17101429   6.51794502   8.7518569    4.97085881   5.25576769]\n [  8.76479498   6.90106083  11.21203747   8.60109657   8.09379538\n    3.76653716  11.9326998    8.32278056   5.32916303   7.58788377\n    7.89750543   4.01998252   9.63067898   5.92267307   4.81803026\n    3.59204447   5.62626827   8.3503313    4.30259725   4.85584236]\n [  6.27921495   6.44955858   7.74619192   5.03551628   3.45745782\n    5.07746451   9.56796746   8.5052024    1.5101574    7.22607518\n    4.01998252   6.34449436   8.48178332   5.97826201   7.28556905\n    4.18316253   4.84477201   2.97822451   4.72631848   2.73336619]\n [ 12.1140703   10.84004138  15.54718699  11.00059713   8.87192841\n    7.66429441  17.42954104  13.59438081   5.42226324  11.62359165\n    9.63067898   8.48178332  14.81336249   9.46422001   9.84088817\n    5.95764604   8.60021991   8.77078914   7.5936566    6.06058072]\n [  8.05261744   7.25486426   9.36096031   6.99492238   6.7599778\n    3.87501009  11.43924116   9.46713779   3.36013681   9.116312\n    5.92267307   5.97826201   9.46422001   7.06609602   7.09838104\n    5.30310256   5.35514901   6.29075215   4.37253899   4.02447201]\n [  7.45060135   7.52672712   9.01368173   6.01049077   4.49455122\n    5.55448482  11.22996109   9.95167469   1.94971208   8.70247663\n    4.81803026   7.28556905   9.84088817   7.09838104   8.41404821\n    5.09842847   5.59930984   3.90192716   5.31814298   3.30986483]\n [  5.36607486   4.84039454   5.44785763   4.42713608   5.26356001\n    1.5302916    7.47959768   6.6029755    2.09186587   7.17101429\n    3.59204447   4.18316253   5.95764604   5.30310256   5.09842847\n    4.59574168   3.25412963   4.63712097   2.3239819    2.69535134]\n [  6.9923443    6.24821539   9.10667027   6.39433283   5.00698221\n    4.58634462  10.07901457   7.78479748   3.16613571   6.51794502\n    5.62626827   4.84477201   8.60021991   5.35514901   5.59930984\n    3.25412963   5.01214434   5.00413666   4.47260326   3.49981458]\n [  9.0818439    6.51263446  10.54501471   9.04202394  10.5410661\n    1.28846621  11.70954808   7.97647713   6.29086497   8.7518569\n    8.3503313    2.97822451   8.77078914   6.29075215   3.90192716\n    4.63712097   5.00413666  10.61700547   2.85924676   5.37233231]\n [  5.61303914   5.43592625   7.78166498   4.97907432   2.82917784\n    5.08726493   8.47821496   6.76023089   1.9939982    4.97085881\n    4.30259725   4.72631848   7.5936566    4.37253899   5.31814298\n    2.3239819    4.47260326   2.85924676   4.4658067    2.58987135]\n [  5.57857038   4.44097964   6.86001928   5.36029097   5.33573668\n    2.11509698   7.57796378   5.47554832   3.27059277   5.25576769\n    4.85584236   2.73336619   6.06058072   4.02447201   3.30986483\n    2.69535134   3.49981458   5.37233231   2.58987135   3.07211619]]"}, "kwargs": {}}, "return": ["[ 8  8 13  9  9  5 14  8  5 10  8  5 12  8  6  5  5  9  5  5]", "[ 8  8 13  9  9  5 14  8  5 10  8  5 12  8  6  5  5  9  5  5]"]}, "name": "_apply_func"}
{"types": {"inputs": {"self": "in ground truth values, it is an empty dict", "args": {"func": "in ground truth values, it is an empty dict", "X": "np.ndarray[float64]"}, "kwargs": "in ground truth values, it is an empty dict"}, "return": "list of 2 np.ndarray[float64]"}, "values": {"inputs": {"self": {}, "args": {"func": {}, "X": "[[ 0.          0.8842019   1.25068497  0.5898808   1.71650079  2.59629323\n   1.40018512  1.19489701  1.90230956  1.43707333  0.97573433  2.09050388\n   1.08137131  1.24298156  2.02410166  2.10896514  1.2694872   1.74283094\n   1.95547192  1.58085972]\n [ 0.8842019   0.          1.72760409  1.25580703  2.29052277  1.91428692\n   1.81085938  0.87058567  2.0813026   1.41649224  1.46199394  1.21959817\n   1.08412279  0.77356965  1.18432955  1.71959155  0.74683067  2.37355831\n   1.27906086  1.49405468]\n [ 1.25068497  1.72760409  0.          1.34821357  2.7082301   2.84541803\n   1.02477477  1.77336384  2.74675797  2.50167988  1.64679039  2.84439776\n   0.97850735  2.36276607  2.76137155  3.30734252  2.00930135  2.60105059\n   2.47809702  2.56720972]\n [ 0.5898808   1.25580703  1.34821357  0.          1.53450697  2.64148639\n   1.8104202   1.76261851  1.47580608  1.89940235  0.42140744  2.39911103\n   1.51474096  1.59953843  2.42390978  2.28555058  1.30604388  1.4195878\n   1.99748091  1.354181  ]\n [ 1.71650079  2.29052277  2.7082301   1.53450697  0.          3.83131727\n   2.7997288   2.63624565  1.6131341   1.95100902  1.53946861  3.17641742\n   2.78020766  2.05089965  3.17568807  2.17455066  2.37870319  0.44149994\n   3.07693028  1.74948328]\n [ 2.59629323  1.91428692  2.84541803  2.64148639  3.83131727  0.\n   3.31494423  2.51787473  2.78223071  3.23345949  2.58374458  1.58141401\n   2.40750465  2.37221011  1.90167913  2.80115395  1.46654698  3.78832126\n   0.77626142  2.27007207]\n [ 1.40018512  1.81085938  1.02477477  1.8104202   2.7997288   3.31494423\n   0.          1.3635303   3.26718363  2.05010258  2.21661728  2.84426542\n   0.91409341  2.25142178  2.61446216  3.24312082  2.39486984  2.84239259\n   2.89666414  2.96605377]\n [ 1.19489701  0.87058567  1.77336384  1.76261851  2.63624565  2.51787473\n   1.3635303   0.          2.84832227  1.1950266   2.09750685  1.57533496\n   0.8787443   1.13111056  1.2877459   2.13011299  1.6093912   2.79493146\n   2.02310049  2.29534534]\n [ 1.90230956  2.0813026   2.74675797  1.47580608  1.6131341   2.78223071\n   3.26718363  2.84832227  0.          2.63330527  1.11153975  2.7056461\n   2.82226457  2.0837859   2.91735588  2.09960739  1.63591387  1.42534795\n   2.11521904  0.72613491]\n [ 1.43707333  1.41649224  2.50167988  1.89940235  1.95100902  3.23345949\n   2.05010258  1.1950266   2.63330527  0.          2.1798541   1.98049742\n   1.89636632  0.92924595  1.74330748  1.51120453  2.00156947  2.26788838\n   2.5601006   2.14257014]\n [ 0.97573433  1.46199394  1.64679039  0.42140744  1.53946861  2.58374458\n   2.21661728  2.09750685  1.11153975  2.1798541   0.          2.49038847\n   1.85728564  1.76585823  2.58369757  2.30416106  1.2872891   1.34679185\n   1.9385865   1.12157786]\n [ 2.09050388  1.21959817  2.84439776  2.39911103  3.17641742  1.58141401\n   2.84426542  1.57533496  2.7056461   1.98049742  2.49038847  0.\n   2.04799663  1.20584674  0.43290239  1.60434129  1.2911602   3.31738614\n   1.16518844  1.98743004]\n [ 1.08137131  1.08412279  0.97850735  1.51474096  2.78020766  2.40750465\n   0.91409341  0.8787443   2.82226457  1.89636632  1.85728564  2.04799663\n   0.          1.71785287  1.88298549  2.7374828   1.62020585  2.80869893\n   2.02283366  2.40089925]\n [ 1.24298156  0.77356965  2.36276607  1.59953843  2.05089965  2.37221011\n   2.25142178  1.13111056  2.0837859   0.92924595  1.76585823  1.20584674\n   1.71785287  0.          1.13286458  1.02743982  1.16959067  2.25867155\n   1.66937855  1.4454301 ]\n [ 2.02410166  1.18432955  2.76137155  2.42390978  3.17568807  1.90167913\n   2.61446216  1.2877459   2.91735588  1.74330748  2.58369757  0.43290239\n   1.88298549  1.13286458  0.          1.67718006  1.49250557  3.35070132\n   1.49785478  2.20599971]\n [ 2.10896514  1.71959155  3.30734252  2.28555058  2.17455066  2.80115395\n   3.24312082  2.13011299  2.09960739  1.51120453  2.30416106  1.60434129\n   2.7374828   1.02743982  1.67718006  0.          1.76057569  2.43690484\n   2.1008533   1.50902458]\n [ 1.2694872   0.74683067  2.00930135  1.30604388  2.37870319  1.46654698\n   2.39486984  1.6093912   1.63591387  2.00156947  1.2872891   1.2911602\n   1.62020585  1.16959067  1.49250557  1.76057569  0.          2.37083877\n   0.7298935   1.04145637]\n [ 1.74283094  2.37355831  2.60105059  1.4195878   0.44149994  3.78832126\n   2.84239259  2.79493146  1.42534795  2.26788838  1.34679185  3.31738614\n   2.80869893  2.25867155  3.35070132  2.43690484  2.37083877  0.\n   3.06011743  1.71594203]\n [ 1.95547192  1.27906086  2.47809702  1.99748091  3.07693028  0.77626142\n   2.89666414  2.02310049  2.11521904  2.5601006   1.9385865   1.16518844\n   2.02283366  1.66937855  1.49785478  2.1008533   0.7298935   3.06011743\n   0.          1.53563674]\n [ 1.58085972  1.49405468  2.56720972  1.354181    1.74948328  2.27007207\n   2.96605377  2.29534534  0.72613491  2.14257014  1.12157786  1.98743004\n   2.40089925  1.4454301   2.20599971  1.50902458  1.04145637  1.71594203\n   1.53563674  0.        ]]"}, "kwargs": {}}, "return": ["[ 0.2  0.6  0.6  0.2  0.6  1.6  0.8  0.6  0.6  0.6  0.4  1.2  0.8  1.   1.2\n  1.4  0.8  0.6  1.2  0.6]", "[ 0.2  0.6  0.6  0.2  0.6  1.6  0.8  0.6  0.6  0.6  0.4  1.2  0.8  1.   1.2\n  1.4  0.8  0.6  1.2  0.6]"]}, "name": "_apply_func"}
