{"types": {"inputs": {"self": {"n_neighbors": "int", "radius": "float", "algorithm": "str", "leaf_size": "int", "metric": "str", "metric_params": "null value in the ground truth", "p": "int", "n_jobs": "int", "effective_metric_params_": "in ground truth values, it is an empty dict", "effective_metric_": "str", "_fit_method": "str", "_fit_X": "np.ndarray[float64]", "_tree": "null value in the ground truth"}, "args": {"X": "np.ndarray[float64]"}, "kwargs": {"return_distance": "bool"}}, "return": "np.ndarray[int64]"}, "values": {"inputs": {"self": {"n_neighbors": 5, "radius": 1.0, "algorithm": "brute", "leaf_size": 30, "metric": "minkowski", "metric_params": null, "p": 1, "n_jobs": 1, "effective_metric_params_": {}, "effective_metric_": "manhattan", "_fit_method": "brute", "_fit_X": "[[0.94403247 0.03669142 0.1474001  0.75628723 0.08379135]\n [0.5161237  0.21986078 0.2742957  0.70184048 0.03019277]\n [0.87331943 0.44447896 0.50239329 0.54004796 0.64554429]\n [0.34485659 0.10110749 0.31837894 0.16814212 0.55613318]\n [0.31802863 0.95806718 0.96573428 0.62012588 0.61749727]\n [0.98537856 0.88728315 0.76506995 0.31359061 0.36553903]\n [0.20126677 0.48714813 0.99036852 0.91215095 0.11834943]\n [0.02519029 0.89863767 0.53717013 0.20018989 0.67365327]\n [0.64422318 0.12208561 0.25960023 0.06007796 0.20986047]\n [0.13230567 0.19323629 0.68546715 0.04949974 0.10185462]\n [0.13417364 0.31654112 0.29875031 0.25506379 0.75053665]\n [0.99802279 0.53397792 0.94420272 0.39661011 0.10668245]\n [0.40877383 0.29612777 0.49340696 0.65704368 0.46105022]\n [0.93516051 0.88476482 0.7019776  0.48968491 0.13168728]\n [0.39701367 0.70440154 0.28488552 0.10398808 0.90789846]\n [0.70905081 0.61527643 0.79249891 0.83564604 0.483459  ]\n [0.88118825 0.91641901 0.2715511  0.60754536 0.52658403]\n [0.53794578 0.93766309 0.3051887  0.98343398 0.90213121]\n [0.45872289 0.81745326 0.76904699 0.67789497 0.31983389]\n [0.19645099 0.6715277  0.8429733  0.01625279 0.64280338]]", "_tree": null}, "args": {"X": "[[0.44287302 0.89808776 0.32147293 0.47418481 0.5147671 ]\n [0.14043952 0.7128923  0.83047635 0.05790928 0.29138882]]"}, "kwargs": {"return_distance": false}}, "return": "[[16 18 14 12 17]\n [19  9  7 18  5]]"}, "name": "kneighbors"}
{"types": {"inputs": {"self": {"n_neighbors": "int", "radius": "float", "algorithm": "str", "leaf_size": "int", "metric": "str", "metric_params": "null value in the ground truth", "p": "int", "n_jobs": "int", "effective_metric_params_": "in ground truth values, it is an empty dict", "effective_metric_": "str", "_fit_method": "str", "_fit_X": "np.ndarray[float64]", "_tree": "null value in the ground truth"}, "args": {"X": "np.ndarray[float64]"}, "kwargs": {"return_distance": "bool"}}, "return": "list of different types containing 2 elements ['np.ndarray[float64]', 'np.ndarray[int64]']"}, "values": {"inputs": {"self": {"n_neighbors": 5, "radius": 1.0, "algorithm": "brute", "leaf_size": 30, "metric": "minkowski", "metric_params": null, "p": 1, "n_jobs": 1, "effective_metric_params_": {}, "effective_metric_": "manhattan", "_fit_method": "brute", "_fit_X": "[[0.94403247 0.03669142 0.1474001  0.75628723 0.08379135]\n [0.5161237  0.21986078 0.2742957  0.70184048 0.03019277]\n [0.87331943 0.44447896 0.50239329 0.54004796 0.64554429]\n [0.34485659 0.10110749 0.31837894 0.16814212 0.55613318]\n [0.31802863 0.95806718 0.96573428 0.62012588 0.61749727]\n [0.98537856 0.88728315 0.76506995 0.31359061 0.36553903]\n [0.20126677 0.48714813 0.99036852 0.91215095 0.11834943]\n [0.02519029 0.89863767 0.53717013 0.20018989 0.67365327]\n [0.64422318 0.12208561 0.25960023 0.06007796 0.20986047]\n [0.13230567 0.19323629 0.68546715 0.04949974 0.10185462]\n [0.13417364 0.31654112 0.29875031 0.25506379 0.75053665]\n [0.99802279 0.53397792 0.94420272 0.39661011 0.10668245]\n [0.40877383 0.29612777 0.49340696 0.65704368 0.46105022]\n [0.93516051 0.88476482 0.7019776  0.48968491 0.13168728]\n [0.39701367 0.70440154 0.28488552 0.10398808 0.90789846]\n [0.70905081 0.61527643 0.79249891 0.83564604 0.483459  ]\n [0.88118825 0.91641901 0.2715511  0.60754536 0.52658403]\n [0.53794578 0.93766309 0.3051887  0.98343398 0.90213121]\n [0.45872289 0.81745326 0.76904699 0.67789497 0.31983389]\n [0.19645099 0.6715277  0.8429733  0.01625279 0.64280338]]", "_tree": null}, "args": {"X": "[[0.44287302 0.89808776 0.32147293 0.47418481 0.5147671 ]\n [0.14043952 0.7128923  0.83047635 0.05790928 0.29138882]]"}, "kwargs": {"return_distance": true}}, "return": ["[[0.65174579 0.94270179 1.03946107 1.04456896 1.0475456 ]\n [0.50294407 0.87074279 1.11884588 1.13270444 1.41456783]]", "[[16 18 14 12 17]\n [19  9  7 18  5]]"]}, "name": "kneighbors"}
{"types": {"inputs": {"self": {"n_neighbors": "int", "radius": "float", "algorithm": "str", "leaf_size": "int", "metric": "str", "metric_params": "null value in the ground truth", "p": "int", "n_jobs": "int", "effective_metric_params_": "in ground truth values, it is an empty dict", "effective_metric_": "str", "_fit_method": "str", "_fit_X": "np.ndarray[float64]", "_tree": "null value in the ground truth"}, "args": {"X": "np.ndarray[float64]"}, "kwargs": {"return_distance": "bool"}}, "return": "np.ndarray[int64]"}, "values": {"inputs": {"self": {"n_neighbors": 5, "radius": 1.0, "algorithm": "brute", "leaf_size": 30, "metric": "minkowski", "metric_params": null, "p": 2, "n_jobs": 1, "effective_metric_params_": {}, "effective_metric_": "euclidean", "_fit_method": "brute", "_fit_X": "[[0.94403247 0.03669142 0.1474001  0.75628723 0.08379135]\n [0.5161237  0.21986078 0.2742957  0.70184048 0.03019277]\n [0.87331943 0.44447896 0.50239329 0.54004796 0.64554429]\n [0.34485659 0.10110749 0.31837894 0.16814212 0.55613318]\n [0.31802863 0.95806718 0.96573428 0.62012588 0.61749727]\n [0.98537856 0.88728315 0.76506995 0.31359061 0.36553903]\n [0.20126677 0.48714813 0.99036852 0.91215095 0.11834943]\n [0.02519029 0.89863767 0.53717013 0.20018989 0.67365327]\n [0.64422318 0.12208561 0.25960023 0.06007796 0.20986047]\n [0.13230567 0.19323629 0.68546715 0.04949974 0.10185462]\n [0.13417364 0.31654112 0.29875031 0.25506379 0.75053665]\n [0.99802279 0.53397792 0.94420272 0.39661011 0.10668245]\n [0.40877383 0.29612777 0.49340696 0.65704368 0.46105022]\n [0.93516051 0.88476482 0.7019776  0.48968491 0.13168728]\n [0.39701367 0.70440154 0.28488552 0.10398808 0.90789846]\n [0.70905081 0.61527643 0.79249891 0.83564604 0.483459  ]\n [0.88118825 0.91641901 0.2715511  0.60754536 0.52658403]\n [0.53794578 0.93766309 0.3051887  0.98343398 0.90213121]\n [0.45872289 0.81745326 0.76904699 0.67789497 0.31983389]\n [0.19645099 0.6715277  0.8429733  0.01625279 0.64280338]]", "_tree": null}, "args": {"X": "[[0.44287302 0.89808776 0.32147293 0.47418481 0.5147671 ]\n [0.14043952 0.7128923  0.83047635 0.05790928 0.29138882]]"}, "kwargs": {"return_distance": false}}, "return": "[[16 18  7 14 17]\n [19  7  9 18  4]]"}, "name": "kneighbors"}
{"types": {"inputs": {"self": {"n_neighbors": "int", "radius": "float", "algorithm": "str", "leaf_size": "int", "metric": "str", "metric_params": "null value in the ground truth", "p": "int", "n_jobs": "int", "effective_metric_params_": "in ground truth values, it is an empty dict", "effective_metric_": "str", "_fit_method": "str", "_fit_X": "np.ndarray[float64]", "_tree": "null value in the ground truth"}, "args": {"X": "np.ndarray[float64]"}, "kwargs": {"return_distance": "bool"}}, "return": "list of different types containing 2 elements ['np.ndarray[float64]', 'np.ndarray[int64]']"}, "values": {"inputs": {"self": {"n_neighbors": 5, "radius": 1.0, "algorithm": "brute", "leaf_size": 30, "metric": "minkowski", "metric_params": null, "p": 2, "n_jobs": 1, "effective_metric_params_": {}, "effective_metric_": "euclidean", "_fit_method": "brute", "_fit_X": "[[0.94403247 0.03669142 0.1474001  0.75628723 0.08379135]\n [0.5161237  0.21986078 0.2742957  0.70184048 0.03019277]\n [0.87331943 0.44447896 0.50239329 0.54004796 0.64554429]\n [0.34485659 0.10110749 0.31837894 0.16814212 0.55613318]\n [0.31802863 0.95806718 0.96573428 0.62012588 0.61749727]\n [0.98537856 0.88728315 0.76506995 0.31359061 0.36553903]\n [0.20126677 0.48714813 0.99036852 0.91215095 0.11834943]\n [0.02519029 0.89863767 0.53717013 0.20018989 0.67365327]\n [0.64422318 0.12208561 0.25960023 0.06007796 0.20986047]\n [0.13230567 0.19323629 0.68546715 0.04949974 0.10185462]\n [0.13417364 0.31654112 0.29875031 0.25506379 0.75053665]\n [0.99802279 0.53397792 0.94420272 0.39661011 0.10668245]\n [0.40877383 0.29612777 0.49340696 0.65704368 0.46105022]\n [0.93516051 0.88476482 0.7019776  0.48968491 0.13168728]\n [0.39701367 0.70440154 0.28488552 0.10398808 0.90789846]\n [0.70905081 0.61527643 0.79249891 0.83564604 0.483459  ]\n [0.88118825 0.91641901 0.2715511  0.60754536 0.52658403]\n [0.53794578 0.93766309 0.3051887  0.98343398 0.90213121]\n [0.45872289 0.81745326 0.76904699 0.67789497 0.31983389]\n [0.19645099 0.6715277  0.8429733  0.01625279 0.64280338]]", "_tree": null}, "args": {"X": "[[0.44287302 0.89808776 0.32147293 0.47418481 0.5147671 ]\n [0.14043952 0.7128923  0.83047635 0.05790928 0.29138882]]"}, "kwargs": {"return_distance": true}}, "return": ["[[0.46138177 0.53532464 0.5668355  0.57667491 0.64827146]\n [0.36087663 0.54788881 0.57195291 0.70795638 0.72964207]]", "[[16 18  7 14 17]\n [19  7  9 18  4]]"]}, "name": "kneighbors"}
{"types": {"inputs": {"self": {"n_neighbors": "int", "radius": "float", "algorithm": "str", "leaf_size": "int", "metric": "str", "metric_params": "null value in the ground truth", "p": "int", "n_jobs": "int", "effective_metric_params_": {"p": "int"}, "effective_metric_": "str", "_fit_method": "str", "_fit_X": "np.ndarray[float64]", "_tree": "null value in the ground truth"}, "args": {"X": "np.ndarray[float64]"}, "kwargs": {"return_distance": "bool"}}, "return": "np.ndarray[int64]"}, "values": {"inputs": {"self": {"n_neighbors": 5, "radius": 1.0, "algorithm": "brute", "leaf_size": 30, "metric": "minkowski", "metric_params": null, "p": 3, "n_jobs": 1, "effective_metric_params_": {"p": 3}, "effective_metric_": "minkowski", "_fit_method": "brute", "_fit_X": "[[0.94403247 0.03669142 0.1474001  0.75628723 0.08379135]\n [0.5161237  0.21986078 0.2742957  0.70184048 0.03019277]\n [0.87331943 0.44447896 0.50239329 0.54004796 0.64554429]\n [0.34485659 0.10110749 0.31837894 0.16814212 0.55613318]\n [0.31802863 0.95806718 0.96573428 0.62012588 0.61749727]\n [0.98537856 0.88728315 0.76506995 0.31359061 0.36553903]\n [0.20126677 0.48714813 0.99036852 0.91215095 0.11834943]\n [0.02519029 0.89863767 0.53717013 0.20018989 0.67365327]\n [0.64422318 0.12208561 0.25960023 0.06007796 0.20986047]\n [0.13230567 0.19323629 0.68546715 0.04949974 0.10185462]\n [0.13417364 0.31654112 0.29875031 0.25506379 0.75053665]\n [0.99802279 0.53397792 0.94420272 0.39661011 0.10668245]\n [0.40877383 0.29612777 0.49340696 0.65704368 0.46105022]\n [0.93516051 0.88476482 0.7019776  0.48968491 0.13168728]\n [0.39701367 0.70440154 0.28488552 0.10398808 0.90789846]\n [0.70905081 0.61527643 0.79249891 0.83564604 0.483459  ]\n [0.88118825 0.91641901 0.2715511  0.60754536 0.52658403]\n [0.53794578 0.93766309 0.3051887  0.98343398 0.90213121]\n [0.45872289 0.81745326 0.76904699 0.67789497 0.31983389]\n [0.19645099 0.6715277  0.8429733  0.01625279 0.64280338]]", "_tree": null}, "args": {"X": "[[0.44287302 0.89808776 0.32147293 0.47418481 0.5147671 ]\n [0.14043952 0.7128923  0.83047635 0.05790928 0.29138882]]"}, "kwargs": {"return_distance": false}}, "return": "[[16 18  7 14  2]\n [19  7  9  4 18]]"}, "name": "kneighbors"}
{"types": {"inputs": {"self": {"n_neighbors": "int", "radius": "float", "algorithm": "str", "leaf_size": "int", "metric": "str", "metric_params": "null value in the ground truth", "p": "int", "n_jobs": "int", "effective_metric_params_": {"p": "int"}, "effective_metric_": "str", "_fit_method": "str", "_fit_X": "np.ndarray[float64]", "_tree": "null value in the ground truth"}, "args": {"X": "np.ndarray[float64]"}, "kwargs": {"return_distance": "bool"}}, "return": "list of different types containing 2 elements ['np.ndarray[float64]', 'np.ndarray[int64]']"}, "values": {"inputs": {"self": {"n_neighbors": 5, "radius": 1.0, "algorithm": "brute", "leaf_size": 30, "metric": "minkowski", "metric_params": null, "p": 3, "n_jobs": 1, "effective_metric_params_": {"p": 3}, "effective_metric_": "minkowski", "_fit_method": "brute", "_fit_X": "[[0.94403247 0.03669142 0.1474001  0.75628723 0.08379135]\n [0.5161237  0.21986078 0.2742957  0.70184048 0.03019277]\n [0.87331943 0.44447896 0.50239329 0.54004796 0.64554429]\n [0.34485659 0.10110749 0.31837894 0.16814212 0.55613318]\n [0.31802863 0.95806718 0.96573428 0.62012588 0.61749727]\n [0.98537856 0.88728315 0.76506995 0.31359061 0.36553903]\n [0.20126677 0.48714813 0.99036852 0.91215095 0.11834943]\n [0.02519029 0.89863767 0.53717013 0.20018989 0.67365327]\n [0.64422318 0.12208561 0.25960023 0.06007796 0.20986047]\n [0.13230567 0.19323629 0.68546715 0.04949974 0.10185462]\n [0.13417364 0.31654112 0.29875031 0.25506379 0.75053665]\n [0.99802279 0.53397792 0.94420272 0.39661011 0.10668245]\n [0.40877383 0.29612777 0.49340696 0.65704368 0.46105022]\n [0.93516051 0.88476482 0.7019776  0.48968491 0.13168728]\n [0.39701367 0.70440154 0.28488552 0.10398808 0.90789846]\n [0.70905081 0.61527643 0.79249891 0.83564604 0.483459  ]\n [0.88118825 0.91641901 0.2715511  0.60754536 0.52658403]\n [0.53794578 0.93766309 0.3051887  0.98343398 0.90213121]\n [0.45872289 0.81745326 0.76904699 0.67789497 0.31983389]\n [0.19645099 0.6715277  0.8429733  0.01625279 0.64280338]]", "_tree": null}, "args": {"X": "[[0.44287302 0.89808776 0.32147293 0.47418481 0.5147671 ]\n [0.14043952 0.7128923  0.83047635 0.05790928 0.29138882]]"}, "kwargs": {"return_distance": true}}, "return": ["[[0.44261744 0.47333411 0.47546151 0.49173702 0.56622115]\n [0.35227817 0.45129023 0.53155135 0.61727834 0.64788501]]", "[[16 18  7 14  2]\n [19  7  9  4 18]]"]}, "name": "kneighbors"}
{"types": {"inputs": {"self": {"n_neighbors": "int", "radius": "float", "algorithm": "str", "leaf_size": "int", "metric": "str", "metric_params": "null value in the ground truth", "p": "int", "n_jobs": "int", "effective_metric_params_": {"p": "int"}, "effective_metric_": "str", "_fit_method": "str", "_fit_X": "np.ndarray[float64]", "_tree": "null value in the ground truth"}, "args": {"X": "np.ndarray[float64]"}, "kwargs": {"return_distance": "bool"}}, "return": "np.ndarray[int64]"}, "values": {"inputs": {"self": {"n_neighbors": 5, "radius": 1.0, "algorithm": "brute", "leaf_size": 30, "metric": "minkowski", "metric_params": null, "p": 4, "n_jobs": 1, "effective_metric_params_": {"p": 4}, "effective_metric_": "minkowski", "_fit_method": "brute", "_fit_X": "[[0.94403247 0.03669142 0.1474001  0.75628723 0.08379135]\n [0.5161237  0.21986078 0.2742957  0.70184048 0.03019277]\n [0.87331943 0.44447896 0.50239329 0.54004796 0.64554429]\n [0.34485659 0.10110749 0.31837894 0.16814212 0.55613318]\n [0.31802863 0.95806718 0.96573428 0.62012588 0.61749727]\n [0.98537856 0.88728315 0.76506995 0.31359061 0.36553903]\n [0.20126677 0.48714813 0.99036852 0.91215095 0.11834943]\n [0.02519029 0.89863767 0.53717013 0.20018989 0.67365327]\n [0.64422318 0.12208561 0.25960023 0.06007796 0.20986047]\n [0.13230567 0.19323629 0.68546715 0.04949974 0.10185462]\n [0.13417364 0.31654112 0.29875031 0.25506379 0.75053665]\n [0.99802279 0.53397792 0.94420272 0.39661011 0.10668245]\n [0.40877383 0.29612777 0.49340696 0.65704368 0.46105022]\n [0.93516051 0.88476482 0.7019776  0.48968491 0.13168728]\n [0.39701367 0.70440154 0.28488552 0.10398808 0.90789846]\n [0.70905081 0.61527643 0.79249891 0.83564604 0.483459  ]\n [0.88118825 0.91641901 0.2715511  0.60754536 0.52658403]\n [0.53794578 0.93766309 0.3051887  0.98343398 0.90213121]\n [0.45872289 0.81745326 0.76904699 0.67789497 0.31983389]\n [0.19645099 0.6715277  0.8429733  0.01625279 0.64280338]]", "_tree": null}, "args": {"X": "[[0.44287302 0.89808776 0.32147293 0.47418481 0.5147671 ]\n [0.14043952 0.7128923  0.83047635 0.05790928 0.29138882]]"}, "kwargs": {"return_distance": false}}, "return": "[[16  7 18 14 15]\n [19  7  9  4 10]]"}, "name": "kneighbors"}
{"types": {"inputs": {"self": {"n_neighbors": "int", "radius": "float", "algorithm": "str", "leaf_size": "int", "metric": "str", "metric_params": "null value in the ground truth", "p": "int", "n_jobs": "int", "effective_metric_params_": {"p": "int"}, "effective_metric_": "str", "_fit_method": "str", "_fit_X": "np.ndarray[float64]", "_tree": "null value in the ground truth"}, "args": {"X": "np.ndarray[float64]"}, "kwargs": {"return_distance": "bool"}}, "return": "list of different types containing 2 elements ['np.ndarray[float64]', 'np.ndarray[int64]']"}, "values": {"inputs": {"self": {"n_neighbors": 5, "radius": 1.0, "algorithm": "brute", "leaf_size": 30, "metric": "minkowski", "metric_params": null, "p": 4, "n_jobs": 1, "effective_metric_params_": {"p": 4}, "effective_metric_": "minkowski", "_fit_method": "brute", "_fit_X": "[[0.94403247 0.03669142 0.1474001  0.75628723 0.08379135]\n [0.5161237  0.21986078 0.2742957  0.70184048 0.03019277]\n [0.87331943 0.44447896 0.50239329 0.54004796 0.64554429]\n [0.34485659 0.10110749 0.31837894 0.16814212 0.55613318]\n [0.31802863 0.95806718 0.96573428 0.62012588 0.61749727]\n [0.98537856 0.88728315 0.76506995 0.31359061 0.36553903]\n [0.20126677 0.48714813 0.99036852 0.91215095 0.11834943]\n [0.02519029 0.89863767 0.53717013 0.20018989 0.67365327]\n [0.64422318 0.12208561 0.25960023 0.06007796 0.20986047]\n [0.13230567 0.19323629 0.68546715 0.04949974 0.10185462]\n [0.13417364 0.31654112 0.29875031 0.25506379 0.75053665]\n [0.99802279 0.53397792 0.94420272 0.39661011 0.10668245]\n [0.40877383 0.29612777 0.49340696 0.65704368 0.46105022]\n [0.93516051 0.88476482 0.7019776  0.48968491 0.13168728]\n [0.39701367 0.70440154 0.28488552 0.10398808 0.90789846]\n [0.70905081 0.61527643 0.79249891 0.83564604 0.483459  ]\n [0.88118825 0.91641901 0.2715511  0.60754536 0.52658403]\n [0.53794578 0.93766309 0.3051887  0.98343398 0.90213121]\n [0.45872289 0.81745326 0.76904699 0.67789497 0.31983389]\n [0.19645099 0.6715277  0.8429733  0.01625279 0.64280338]]", "_tree": null}, "args": {"X": "[[0.44287302 0.89808776 0.32147293 0.47418481 0.5147671 ]\n [0.14043952 0.7128923  0.83047635 0.05790928 0.29138882]]"}, "kwargs": {"return_distance": true}}, "return": ["[[0.43926999 0.44403194 0.45626362 0.45820936 0.52798679]\n [0.35150557 0.41800632 0.52271564 0.58380457 0.62292426]]", "[[16  7 18 14 15]\n [19  7  9  4 10]]"]}, "name": "kneighbors"}
{"types": {"inputs": {"self": {"n_neighbors": "int", "radius": "float", "algorithm": "str", "leaf_size": "int", "metric": "str", "metric_params": "null value in the ground truth", "p": "int", "n_jobs": "int", "effective_metric_params_": "in ground truth values, it is an empty dict", "effective_metric_": "str", "_fit_method": "str", "_fit_X": "np.ndarray[float64]", "_tree": "null value in the ground truth"}, "args": {"X": "np.ndarray[float64]"}, "kwargs": "in ground truth values, it is an empty dict"}, "return": "list of different types containing 2 elements ['np.ndarray[float64]', 'np.ndarray[int64]']"}, "values": {"inputs": {"self": {"n_neighbors": 3, "radius": 1.0, "algorithm": "brute", "leaf_size": 30, "metric": "precomputed", "metric_params": null, "p": 2, "n_jobs": 1, "effective_metric_params_": {}, "effective_metric_": "precomputed", "_fit_method": "brute", "_fit_X": "[[0.         1.09774861 0.86841359 1.10905113 0.60903535 0.98072682\n  0.56968608 1.03147907 0.44086692 0.87176598]\n [1.09774861 0.         0.71768226 0.97067666 0.79264872 0.71600003\n  0.79360622 0.99412308 1.20993128 0.77397756]\n [0.86841359 0.71768226 0.         0.97152112 0.86692747 0.87258935\n  0.51642623 1.19220786 1.12452479 1.08700228]\n [1.10905113 0.97067666 0.97152112 0.         0.67140631 0.31561065\n  0.76129197 0.51627111 1.46162896 0.78107952]\n [0.60903535 0.79264872 0.86692747 0.67140631 0.         0.51791952\n  0.44107968 0.59768298 0.88847197 0.51790786]\n [0.98072682 0.71600003 0.87258935 0.31561065 0.51791952 0.\n  0.68672473 0.38322922 1.2661308  0.50529526]\n [0.56968608 0.79360622 0.51642623 0.76129197 0.44107968 0.68672473\n  0.         0.9213039  0.92353672 0.85783817]\n [1.03147907 0.99412308 1.19220786 0.51627111 0.59768298 0.38322922\n  0.9213039  0.         1.27577801 0.40501049]\n [0.44086692 1.20993128 1.12452479 1.46162896 0.88847197 1.2661308\n  0.92353672 1.27577801 0.         0.99837067]\n [0.87176598 0.77397756 1.08700228 0.78107952 0.51790786 0.50529526\n  0.85783817 0.40501049 0.99837067 0.        ]]", "_tree": null}, "args": {"X": "[[0.9243569  0.3444158  0.52792116 1.06459524 0.75773427 0.85303637\n  0.61570187 1.13883163 1.0423526  0.91310476]\n [0.52845927 0.67174995 0.63747977 0.81361321 0.29642821 0.64979046\n  0.25797995 0.83699173 0.7939024  0.68287301]\n [0.83891382 0.99629104 1.10238669 1.02620956 0.83519053 0.79518538\n  1.01460941 0.71963118 0.90380348 0.5097537 ]]"}, "kwargs": {}}, "return": ["[[0.3444158  0.52792116 0.61570187]\n [0.25797995 0.29642821 0.52845927]\n [0.5097537  0.71963118 0.79518538]]", "[[1 2 6]\n [6 4 0]\n [9 7 5]]"]}, "name": "kneighbors"}
{"types": {"inputs": {"self": {"n_neighbors": "int", "radius": "float", "algorithm": "str", "leaf_size": "int", "metric": "str", "metric_params": "null value in the ground truth", "p": "int", "n_jobs": "int", "effective_metric_params_": "in ground truth values, it is an empty dict", "effective_metric_": "str", "_fit_method": "str", "_fit_X": "np.ndarray[float64]", "_tree": "null value in the ground truth"}, "args": {"X": "np.ndarray[float64]"}, "kwargs": "in ground truth values, it is an empty dict"}, "return": "list of different types containing 2 elements ['np.ndarray[float64]', 'np.ndarray[int64]']"}, "values": {"inputs": {"self": {"n_neighbors": 3, "radius": 1.0, "algorithm": "auto", "leaf_size": 30, "metric": "precomputed", "metric_params": null, "p": 2, "n_jobs": 1, "effective_metric_params_": {}, "effective_metric_": "precomputed", "_fit_method": "brute", "_fit_X": "[[0.         1.09774861 0.86841359 1.10905113 0.60903535 0.98072682\n  0.56968608 1.03147907 0.44086692 0.87176598]\n [1.09774861 0.         0.71768226 0.97067666 0.79264872 0.71600003\n  0.79360622 0.99412308 1.20993128 0.77397756]\n [0.86841359 0.71768226 0.         0.97152112 0.86692747 0.87258935\n  0.51642623 1.19220786 1.12452479 1.08700228]\n [1.10905113 0.97067666 0.97152112 0.         0.67140631 0.31561065\n  0.76129197 0.51627111 1.46162896 0.78107952]\n [0.60903535 0.79264872 0.86692747 0.67140631 0.         0.51791952\n  0.44107968 0.59768298 0.88847197 0.51790786]\n [0.98072682 0.71600003 0.87258935 0.31561065 0.51791952 0.\n  0.68672473 0.38322922 1.2661308  0.50529526]\n [0.56968608 0.79360622 0.51642623 0.76129197 0.44107968 0.68672473\n  0.         0.9213039  0.92353672 0.85783817]\n [1.03147907 0.99412308 1.19220786 0.51627111 0.59768298 0.38322922\n  0.9213039  0.         1.27577801 0.40501049]\n [0.44086692 1.20993128 1.12452479 1.46162896 0.88847197 1.2661308\n  0.92353672 1.27577801 0.         0.99837067]\n [0.87176598 0.77397756 1.08700228 0.78107952 0.51790786 0.50529526\n  0.85783817 0.40501049 0.99837067 0.        ]]", "_tree": null}, "args": {"X": "[[0.9243569  0.3444158  0.52792116 1.06459524 0.75773427 0.85303637\n  0.61570187 1.13883163 1.0423526  0.91310476]\n [0.52845927 0.67174995 0.63747977 0.81361321 0.29642821 0.64979046\n  0.25797995 0.83699173 0.7939024  0.68287301]\n [0.83891382 0.99629104 1.10238669 1.02620956 0.83519053 0.79518538\n  1.01460941 0.71963118 0.90380348 0.5097537 ]]"}, "kwargs": {}}, "return": ["[[0.3444158  0.52792116 0.61570187]\n [0.25797995 0.29642821 0.52845927]\n [0.5097537  0.71963118 0.79518538]]", "[[1 2 6]\n [6 4 0]\n [9 7 5]]"]}, "name": "kneighbors"}
{"types": {"inputs": {"self": {"n_neighbors": "int", "radius": "float", "algorithm": "str", "leaf_size": "int", "metric": "str", "metric_params": "null value in the ground truth", "p": "int", "n_jobs": "int", "effective_metric_params_": "in ground truth values, it is an empty dict", "effective_metric_": "str", "_fit_method": "str", "_fit_X": "np.ndarray[float64]", "_tree": "null value in the ground truth"}, "args": {"X": "null value in the ground truth"}, "kwargs": "in ground truth values, it is an empty dict"}, "return": "list of different types containing 2 elements ['np.ndarray[float64]', 'np.ndarray[int64]']"}, "values": {"inputs": {"self": {"n_neighbors": 3, "radius": 1.0, "algorithm": "auto", "leaf_size": 30, "metric": "precomputed", "metric_params": null, "p": 2, "n_jobs": 1, "effective_metric_params_": {}, "effective_metric_": "precomputed", "_fit_method": "brute", "_fit_X": "[[0.         1.09774861 0.86841359 1.10905113 0.60903535 0.98072682\n  0.56968608 1.03147907 0.44086692 0.87176598]\n [1.09774861 0.         0.71768226 0.97067666 0.79264872 0.71600003\n  0.79360622 0.99412308 1.20993128 0.77397756]\n [0.86841359 0.71768226 0.         0.97152112 0.86692747 0.87258935\n  0.51642623 1.19220786 1.12452479 1.08700228]\n [1.10905113 0.97067666 0.97152112 0.         0.67140631 0.31561065\n  0.76129197 0.51627111 1.46162896 0.78107952]\n [0.60903535 0.79264872 0.86692747 0.67140631 0.         0.51791952\n  0.44107968 0.59768298 0.88847197 0.51790786]\n [0.98072682 0.71600003 0.87258935 0.31561065 0.51791952 0.\n  0.68672473 0.38322922 1.2661308  0.50529526]\n [0.56968608 0.79360622 0.51642623 0.76129197 0.44107968 0.68672473\n  0.         0.9213039  0.92353672 0.85783817]\n [1.03147907 0.99412308 1.19220786 0.51627111 0.59768298 0.38322922\n  0.9213039  0.         1.27577801 0.40501049]\n [0.44086692 1.20993128 1.12452479 1.46162896 0.88847197 1.2661308\n  0.92353672 1.27577801 0.         0.99837067]\n [0.87176598 0.77397756 1.08700228 0.78107952 0.51790786 0.50529526\n  0.85783817 0.40501049 0.99837067 0.        ]]", "_tree": null}, "args": {"X": null}, "kwargs": {}}, "return": ["[[0.44086692 0.56968608 0.60903535]\n [0.71600003 0.71768226 0.77397756]\n [0.51642623 0.71768226 0.86692747]\n [0.31561065 0.51627111 0.67140631]\n [0.44107968 0.51790786 0.51791952]\n [0.31561065 0.38322922 0.50529526]\n [0.44107968 0.51642623 0.56968608]\n [0.38322922 0.40501049 0.51627111]\n [0.44086692 0.88847197 0.92353672]\n [0.40501049 0.50529526 0.51790786]]", "[[8 6 4]\n [5 2 9]\n [6 1 4]\n [5 7 4]\n [6 9 5]\n [3 7 9]\n [4 2 0]\n [5 9 3]\n [0 4 6]\n [7 5 4]]"]}, "name": "kneighbors"}
{"types": {"inputs": {"self": {"n_neighbors": "int", "radius": "int", "algorithm": "str", "leaf_size": "int", "metric": "str", "metric_params": "null value in the ground truth", "p": "int", "n_jobs": "int", "weights": "str", "outputs_2d_": "bool", "classes_": "np.ndarray[int64]", "_y": "np.ndarray[int64]", "effective_metric_params_": "in ground truth values, it is an empty dict", "effective_metric_": "str", "_fit_method": "str", "_fit_X": "np.ndarray[float64]", "_tree": "null value in the ground truth"}, "args": {"X": "np.ndarray[float64]"}, "kwargs": "in ground truth values, it is an empty dict"}, "return": "list of different types containing 2 elements ['np.ndarray[float64]', 'np.ndarray[int64]']"}, "values": {"inputs": {"self": {"n_neighbors": 1, "radius": 1, "algorithm": "auto", "leaf_size": 30, "metric": "precomputed", "metric_params": null, "p": 2, "n_jobs": 1, "weights": "uniform", "outputs_2d_": false, "classes_": "[0 1 2 3 4 5 6 7 8 9]", "_y": "[0 1 2 3 4 5 6 7 8 9]", "effective_metric_params_": {}, "effective_metric_": "precomputed", "_fit_method": "brute", "_fit_X": "[[0.         1.09774861 0.86841359 1.10905113 0.60903535 0.98072682\n  0.56968608 1.03147907 0.44086692 0.87176598]\n [1.09774861 0.         0.71768226 0.97067666 0.79264872 0.71600003\n  0.79360622 0.99412308 1.20993128 0.77397756]\n [0.86841359 0.71768226 0.         0.97152112 0.86692747 0.87258935\n  0.51642623 1.19220786 1.12452479 1.08700228]\n [1.10905113 0.97067666 0.97152112 0.         0.67140631 0.31561065\n  0.76129197 0.51627111 1.46162896 0.78107952]\n [0.60903535 0.79264872 0.86692747 0.67140631 0.         0.51791952\n  0.44107968 0.59768298 0.88847197 0.51790786]\n [0.98072682 0.71600003 0.87258935 0.31561065 0.51791952 0.\n  0.68672473 0.38322922 1.2661308  0.50529526]\n [0.56968608 0.79360622 0.51642623 0.76129197 0.44107968 0.68672473\n  0.         0.9213039  0.92353672 0.85783817]\n [1.03147907 0.99412308 1.19220786 0.51627111 0.59768298 0.38322922\n  0.9213039  0.         1.27577801 0.40501049]\n [0.44086692 1.20993128 1.12452479 1.46162896 0.88847197 1.2661308\n  0.92353672 1.27577801 0.         0.99837067]\n [0.87176598 0.77397756 1.08700228 0.78107952 0.51790786 0.50529526\n  0.85783817 0.40501049 0.99837067 0.        ]]", "_tree": null}, "args": {"X": "[[0.9243569  0.3444158  0.52792116 1.06459524 0.75773427 0.85303637\n  0.61570187 1.13883163 1.0423526  0.91310476]\n [0.52845927 0.67174995 0.63747977 0.81361321 0.29642821 0.64979046\n  0.25797995 0.83699173 0.7939024  0.68287301]\n [0.83891382 0.99629104 1.10238669 1.02620956 0.83519053 0.79518538\n  1.01460941 0.71963118 0.90380348 0.5097537 ]]"}, "kwargs": {}}, "return": ["[[0.3444158 ]\n [0.25797995]\n [0.5097537 ]]", "[[1]\n [6]\n [9]]"]}, "name": "kneighbors"}
{"types": {"inputs": {"self": {"n_neighbors": "int", "radius": "int", "algorithm": "str", "leaf_size": "int", "metric": "str", "metric_params": "null value in the ground truth", "p": "int", "n_jobs": "int", "weights": "str", "_y": "np.ndarray[int64]", "effective_metric_params_": "in ground truth values, it is an empty dict", "effective_metric_": "str", "_fit_method": "str", "_fit_X": "np.ndarray[float64]", "_tree": "null value in the ground truth"}, "args": {"X": "np.ndarray[float64]"}, "kwargs": "in ground truth values, it is an empty dict"}, "return": "list of different types containing 2 elements ['np.ndarray[float64]', 'np.ndarray[int64]']"}, "values": {"inputs": {"self": {"n_neighbors": 1, "radius": 1, "algorithm": "auto", "leaf_size": 30, "metric": "precomputed", "metric_params": null, "p": 2, "n_jobs": 1, "weights": "uniform", "_y": "[0 1 2 3 4 5 6 7 8 9]", "effective_metric_params_": {}, "effective_metric_": "precomputed", "_fit_method": "brute", "_fit_X": "[[0.         1.09774861 0.86841359 1.10905113 0.60903535 0.98072682\n  0.56968608 1.03147907 0.44086692 0.87176598]\n [1.09774861 0.         0.71768226 0.97067666 0.79264872 0.71600003\n  0.79360622 0.99412308 1.20993128 0.77397756]\n [0.86841359 0.71768226 0.         0.97152112 0.86692747 0.87258935\n  0.51642623 1.19220786 1.12452479 1.08700228]\n [1.10905113 0.97067666 0.97152112 0.         0.67140631 0.31561065\n  0.76129197 0.51627111 1.46162896 0.78107952]\n [0.60903535 0.79264872 0.86692747 0.67140631 0.         0.51791952\n  0.44107968 0.59768298 0.88847197 0.51790786]\n [0.98072682 0.71600003 0.87258935 0.31561065 0.51791952 0.\n  0.68672473 0.38322922 1.2661308  0.50529526]\n [0.56968608 0.79360622 0.51642623 0.76129197 0.44107968 0.68672473\n  0.         0.9213039  0.92353672 0.85783817]\n [1.03147907 0.99412308 1.19220786 0.51627111 0.59768298 0.38322922\n  0.9213039  0.         1.27577801 0.40501049]\n [0.44086692 1.20993128 1.12452479 1.46162896 0.88847197 1.2661308\n  0.92353672 1.27577801 0.         0.99837067]\n [0.87176598 0.77397756 1.08700228 0.78107952 0.51790786 0.50529526\n  0.85783817 0.40501049 0.99837067 0.        ]]", "_tree": null}, "args": {"X": "[[0.9243569  0.3444158  0.52792116 1.06459524 0.75773427 0.85303637\n  0.61570187 1.13883163 1.0423526  0.91310476]\n [0.52845927 0.67174995 0.63747977 0.81361321 0.29642821 0.64979046\n  0.25797995 0.83699173 0.7939024  0.68287301]\n [0.83891382 0.99629104 1.10238669 1.02620956 0.83519053 0.79518538\n  1.01460941 0.71963118 0.90380348 0.5097537 ]]"}, "kwargs": {}}, "return": ["[[0.3444158 ]\n [0.25797995]\n [0.5097537 ]]", "[[1]\n [6]\n [9]]"]}, "name": "kneighbors"}
{"types": {"inputs": {"self": {"n_neighbors": "int", "radius": "null value in the ground truth", "algorithm": "str", "leaf_size": "int", "metric": "str", "metric_params": "null value in the ground truth", "p": "int", "n_jobs": "int", "weights": "str", "outputs_2d_": "bool", "classes_": "np.ndarray[int64]", "_y": "np.ndarray[int64]", "effective_metric_params_": "in ground truth values, it is an empty dict", "effective_metric_": "str", "_fit_method": "str", "_fit_X": "np.ndarray[float64]", "_tree": "null value in the ground truth"}, "args": {"X": "np.ndarray[float64]"}, "kwargs": "in ground truth values, it is an empty dict"}, "return": "list of different types containing 2 elements ['np.ndarray[float64]', 'np.ndarray[int64]']"}, "values": {"inputs": {"self": {"n_neighbors": 5, "radius": null, "algorithm": "auto", "leaf_size": 30, "metric": "precomputed", "metric_params": null, "p": 2, "n_jobs": 1, "weights": "uniform", "outputs_2d_": false, "classes_": "[0 1 2]", "_y": "[1 1 2 2 1 1 2 0 0 2 0 0]", "effective_metric_params_": {}, "effective_metric_": "precomputed", "_fit_method": "brute", "_fit_X": "[[0.         0.2252094  1.04491552 0.41598597 0.64020838 0.99392345\n  0.44291615 0.8009178  0.54017688 0.97346378 0.42204042 0.29904262]\n [0.2252094  0.         0.82913891 0.32859024 0.41518912 0.7702298\n  0.29305736 0.58146257 0.33789602 0.77801271 0.20004392 0.21563204]\n [1.04491552 0.82913891 0.         0.9589839  0.44432497 0.16648482\n  0.65293292 0.25121628 0.50973605 0.2149891  0.62995171 0.93576043]\n [0.41598597 0.32859024 0.9589839  0.         0.51747442 0.8478449\n  0.59705653 0.71449761 0.57114505 0.97684259 0.40932215 0.12240998]\n [0.64020838 0.41518912 0.44432497 0.51747442 0.         0.35797493\n  0.3708143  0.19702436 0.21216216 0.47170796 0.22237057 0.49226675]\n [0.99392345 0.7702298  0.16648482 0.8478449  0.35797493 0.\n  0.65128019 0.20913673 0.48927982 0.34995274 0.57195249 0.84244953]\n [0.44291615 0.29305736 0.65293292 0.59705653 0.3708143  0.65128019\n  0.         0.44214407 0.16721859 0.54246303 0.22149171 0.4993726 ]\n [0.8009178  0.58146257 0.25121628 0.71449761 0.19702436 0.20913673\n  0.44214407 0.         0.28117978 0.29141693 0.38148043 0.68545068]\n [0.54017688 0.33789602 0.50973605 0.57114505 0.21216216 0.48927982\n  0.16721859 0.28117978 0.         0.44011933 0.16331326 0.50060766]\n [0.97346378 0.77801271 0.2149891  0.97684259 0.47170796 0.34995274\n  0.54246303 0.29141693 0.44011933 0.         0.59330634 0.92718256]\n [0.42204042 0.20004392 0.62995171 0.40932215 0.22237057 0.57195249\n  0.22149171 0.38148043 0.16331326 0.59330634 0.         0.33794011]\n [0.29904262 0.21563204 0.93576043 0.12240998 0.49226675 0.84244953\n  0.4993726  0.68545068 0.50060766 0.92718256 0.33794011 0.        ]]", "_tree": null}, "args": {"X": "[[0.53118409 0.30612356 0.54148195 0.43793039 0.10907128 0.46589575\n  0.30173474 0.2903253  0.17356156 0.5389266  0.11687068 0.39634179]\n [0.39536284 0.18963685 0.64973151 0.45378731 0.27475481 0.60900432\n  0.15331281 0.40863938 0.1484925  0.58848792 0.07265268 0.36745386]\n [0.60040816 0.38621822 0.44455307 0.57573824 0.13984741 0.40967709\n  0.25121761 0.20441037 0.08400022 0.40584999 0.19065327 0.52133263]\n [0.73154383 0.50704448 0.42153982 0.54890083 0.11378059 0.2989508\n  0.48449448 0.20917797 0.32387147 0.50054235 0.32556059 0.54797715]\n [0.67115269 0.45541762 0.55566014 0.42960146 0.18000197 0.42511931\n  0.51301887 0.33914051 0.37427998 0.62969902 0.3117902  0.44786163]\n [0.94052292 0.84531028 0.74722058 1.15355593 0.79576967 0.86058351\n  0.55723364 0.7138363  0.61641477 0.53307269 0.75725727 1.05606991]\n [0.52073358 0.34138697 0.75886015 0.21261486 0.32907715 0.63917843\n  0.52253021 0.5224554  0.44117745 0.80020756 0.30269591 0.25067242]\n [0.88343827 0.68254122 0.21621245 0.87495614 0.3708912  0.30577807\n  0.46218345 0.19859023 0.34535566 0.10195016 0.49435602 0.82653633]]"}, "kwargs": {}}, "return": ["[[0.10907128 0.11687068 0.17356156 0.2903253  0.30173474]\n [0.07265268 0.1484925  0.15331281 0.18963685 0.27475481]\n [0.08400022 0.13984741 0.19065327 0.20441037 0.25121761]\n [0.11378059 0.20917797 0.2989508  0.32387147 0.32556059]\n [0.18000197 0.3117902  0.33914051 0.37427998 0.42511931]\n [0.53307269 0.55723364 0.61641477 0.7138363  0.74722058]\n [0.21261486 0.25067242 0.30269591 0.32907715 0.34138697]\n [0.10195016 0.19859023 0.21621245 0.30577807 0.34535566]]", "[[ 4 10  8  7  6]\n [10  8  6  1  4]\n [ 8  4 10  7  6]\n [ 4  7  5  8 10]\n [ 4 10  7  8  5]\n [ 9  6  8  7  2]\n [ 3 11 10  4  1]\n [ 9  7  2  5  8]]"]}, "name": "kneighbors"}
