{"types": {"inputs": {"self": "in ground truth values, it is an empty dict", "args": {"X": "np.ndarray[float64]", "Y": "np.ndarray[float64]"}, "kwargs": "in ground truth values, it is an empty dict"}, "return": "np.ndarray[float64]"}, "values": {"inputs": {"self": {}, "args": {"X": "[[0.5488135  0.71518937 0.60276338 0.54488318]\n [0.4236548  0.64589411 0.43758721 0.891773  ]\n [0.96366276 0.38344152 0.79172504 0.52889492]\n [0.56804456 0.92559664 0.07103606 0.0871293 ]\n [0.0202184  0.83261985 0.77815675 0.87001215]]", "Y": "[[0.5488135  0.71518937 0.60276338 0.54488318]\n [0.4236548  0.64589411 0.43758721 0.891773  ]\n [0.96366276 0.38344152 0.79172504 0.52889492]\n [0.56804456 0.92559664 0.07103606 0.0871293 ]\n [0.0202184  0.83261985 0.77815675 0.87001215]]"}, "kwargs": {}}, "return": "[[0.87828781 0.87663161 0.88363826 0.85271123 0.88260177]\n [0.87663161 0.88445154 0.87835137 0.84454593 0.88869396]\n [0.88363826 0.87835137 0.90434231 0.84860852 0.8749341 ]\n [0.85271123 0.84454593 0.84860852 0.86121008 0.84208812]\n [0.88260177 0.88869396 0.8749341  0.84208812 0.90765133]]"}, "name": "sigmoid_kernel"}
{"types": {"inputs": {"self": "in ground truth values, it is an empty dict", "args": {"X": "np.ndarray[float64]"}, "kwargs": "in ground truth values, it is an empty dict"}, "return": "np.ndarray[float64]"}, "values": {"inputs": {"self": {}, "args": {"X": "[[0.5488135  0.71518937 0.60276338 0.54488318]\n [0.4236548  0.64589411 0.43758721 0.891773  ]\n [0.96366276 0.38344152 0.79172504 0.52889492]\n [0.56804456 0.92559664 0.07103606 0.0871293 ]\n [0.0202184  0.83261985 0.77815675 0.87001215]]"}, "kwargs": {}}, "return": "[[0.87828781 0.87663161 0.88363826 0.85271123 0.88260177]\n [0.87663161 0.88445154 0.87835137 0.84454593 0.88869396]\n [0.88363826 0.87835137 0.90434231 0.84860852 0.8749341 ]\n [0.85271123 0.84454593 0.84860852 0.86121008 0.84208812]\n [0.88260177 0.88869396 0.8749341  0.84208812 0.90765133]]"}, "name": "sigmoid_kernel"}
{"types": {"inputs": {"self": "in ground truth values, it is an empty dict", "args": {"X": "np.ndarray[float64]", "Y": "np.ndarray[float64]"}, "kwargs": "in ground truth values, it is an empty dict"}, "return": "np.ndarray[float64]"}, "values": {"inputs": {"self": {}, "args": {"X": "[[0.5488135  0.71518937 0.60276338 0.54488318]\n [0.4236548  0.64589411 0.43758721 0.891773  ]\n [0.96366276 0.38344152 0.79172504 0.52889492]\n [0.56804456 0.92559664 0.07103606 0.0871293 ]\n [0.0202184  0.83261985 0.77815675 0.87001215]]", "Y": "[[0.97861834 0.79915856 0.46147936 0.78052918]\n [0.11827443 0.63992102 0.14335329 0.94466892]]"}, "kwargs": {}}, "return": "[[0.89628885 0.85673234]\n [0.89710549 0.872187  ]\n [0.90639055 0.8463428 ]\n [0.87383986 0.82995643]\n [0.89183833 0.8780426 ]]"}, "name": "sigmoid_kernel"}
{"types": {"inputs": {"self": "in ground truth values, it is an empty dict", "args": {"X": "np.ndarray[float64]"}, "kwargs": {"Y": "np.ndarray[float64]"}}, "return": "np.ndarray[float64]"}, "values": {"inputs": {"self": {}, "args": {"X": "[[0.5488135  0.71518937 0.60276338 0.54488318]\n [0.4236548  0.64589411 0.43758721 0.891773  ]\n [0.96366276 0.38344152 0.79172504 0.52889492]\n [0.56804456 0.92559664 0.07103606 0.0871293 ]\n [0.0202184  0.83261985 0.77815675 0.87001215]]"}, "kwargs": {"Y": "[[0.97861834 0.79915856 0.46147936 0.78052918]\n [0.11827443 0.63992102 0.14335329 0.94466892]]"}}, "return": "[[0.89628885 0.85673234]\n [0.89710549 0.872187  ]\n [0.90639055 0.8463428 ]\n [0.87383986 0.82995643]\n [0.89183833 0.8780426 ]]"}, "name": "sigmoid_kernel"}
{"types": {"inputs": {"self": "in ground truth values, it is an empty dict", "args": {"X": "list of 5 list of 4 float", "Y": "list of 2 list of 4 float"}, "kwargs": "in ground truth values, it is an empty dict"}, "return": "np.ndarray[float64]"}, "values": {"inputs": {"self": {}, "args": {"X": [[0.5488135039273248, 0.7151893663724195, 0.6027633760716439, 0.5448831829968969], [0.4236547993389047, 0.6458941130666561, 0.4375872112626925, 0.8917730007820798], [0.9636627605010293, 0.3834415188257777, 0.7917250380826646, 0.5288949197529045], [0.5680445610939323, 0.925596638292661, 0.07103605819788694, 0.08712929970154071], [0.02021839744032572, 0.832619845547938, 0.7781567509498505, 0.8700121482468192]], "Y": [[0.978618342232764, 0.7991585642167236, 0.46147936225293185, 0.7805291762864555], [0.11827442586893322, 0.6399210213275238, 0.1433532874090464, 0.9446689170495839]]}, "kwargs": {}}, "return": "[[0.89628885 0.85673234]\n [0.89710549 0.872187  ]\n [0.90639055 0.8463428 ]\n [0.87383986 0.82995643]\n [0.89183833 0.8780426 ]]"}, "name": "sigmoid_kernel"}
{"types": {"inputs": {"self": "in ground truth values, it is an empty dict", "args": {"X": {"_shape": "list of 2 int", "maxprint": "int", "data": "np.ndarray[float64]", "indices": "np.ndarray[int64]", "indptr": "np.ndarray[int64]"}, "Y": {"_shape": "list of 2 int", "maxprint": "int", "data": "np.ndarray[float64]", "indices": "np.ndarray[int64]", "indptr": "np.ndarray[int64]"}}, "kwargs": "in ground truth values, it is an empty dict"}, "return": "np.ndarray[float64]"}, "values": {"inputs": {"self": {}, "args": {"X": {"_shape": [5, 4], "maxprint": 50, "data": "[0.5488135  0.71518937 0.60276338 0.54488318 0.4236548  0.64589411\n 0.43758721 0.891773   0.96366276 0.38344152 0.79172504 0.52889492\n 0.56804456 0.92559664 0.07103606 0.0871293  0.0202184  0.83261985\n 0.77815675 0.87001215]", "indices": "[0 1 2 3 0 1 2 3 0 1 2 3 0 1 2 3 0 1 2 3]", "indptr": "[ 0  4  8 12 16 20]"}, "Y": {"_shape": [2, 4], "maxprint": 50, "data": "[0.97861834 0.79915856 0.46147936 0.78052918 0.11827443 0.63992102\n 0.14335329 0.94466892]", "indices": "[0 1 2 3 0 1 2 3]", "indptr": "[0 4 8]"}}, "kwargs": {}}, "return": "[[0.89628885 0.85673234]\n [0.89710549 0.872187  ]\n [0.90639055 0.8463428 ]\n [0.87383986 0.82995643]\n [0.89183833 0.8780426 ]]"}, "name": "sigmoid_kernel"}
{"types": {"inputs": {"self": "in ground truth values, it is an empty dict", "args": {"X": {"_shape": "list of 2 int", "maxprint": "int", "data": "np.ndarray[float64]", "indices": "np.ndarray[int64]", "indptr": "np.ndarray[int64]"}, "Y": "str"}, "kwargs": "in ground truth values, it is an empty dict"}, "return": "np.ndarray[float64]"}, "values": {"inputs": {"self": {}, "args": {"X": {"_shape": [5, 4], "maxprint": 50, "data": "[0.5488135  0.71518937 0.60276338 0.54488318 0.4236548  0.64589411\n 0.43758721 0.891773   0.96366276 0.38344152 0.79172504 0.52889492\n 0.56804456 0.92559664 0.07103606 0.0871293  0.0202184  0.83261985\n 0.77815675 0.87001215]", "indices": "[0 1 2 3 0 1 2 3 0 1 2 3 0 1 2 3 0 1 2 3]", "indptr": "[ 0  4  8 12 16 20]"}, "Y": "\"<\"RECURSIVE   (0, 0)\"\t0.5488135039273248\"n  (0, 1)\"\t0.7151893663724195\"n  (0, 2)\"\t0.6027633760716439\"n  (0, 3)\"\t0.5448831829968969\"n  (1, 0)\"\t0.4236547993389047\"n  (1, 1)\"\t0.6458941130666561\"n  (1, 2)\"\t0.4375872112626925\"n  (1, 3)\"\t0.8917730007820798\"n  (2, 0)\"\t0.9636627605010293\"n  (2, 1)\"\t0.3834415188257777\"n  (2, 2)\"\t0.7917250380826646\"n  (2, 3)\"\t0.5288949197529045\"n  (3, 0)\"\t0.5680445610939323\"n  (3, 1)\"\t0.925596638292661\"n  (3, 2)\"\t0.07103605819788694\"n  (3, 3)\"\t0.08712929970154071\"n  (4, 0)\"\t0.02021839744032572\"n  (4, 1)\"\t0.832619845547938\"n  (4, 2)\"\t0.7781567509498505\"n  (4, 3)\"\t0.8700121482468192>\""}, "kwargs": {}}, "return": "[[0.87828781 0.87663161 0.88363826 0.85271123 0.88260177]\n [0.87663161 0.88445154 0.87835137 0.84454593 0.88869396]\n [0.88363826 0.87835137 0.90434231 0.84860852 0.8749341 ]\n [0.85271123 0.84454593 0.84860852 0.86121008 0.84208812]\n [0.88260177 0.88869396 0.8749341  0.84208812 0.90765133]]"}, "name": "sigmoid_kernel"}
