{"types": {"inputs": {"self": {"n_components": "int", "kernel": "str", "kernel_params": "null value in the ground truth", "gamma": "null value in the ground truth", "degree": "int", "coef0": "int", "alpha": "float", "fit_inverse_transform": "bool", "eigen_solver": "str", "remove_zero_eig": "bool", "tol": "int", "max_iter": "null value in the ground truth", "random_state": "null value in the ground truth", "n_jobs": "null value in the ground truth", "copy_X": "bool", "_centerer": "in ground truth values, it is an empty dict"}, "args": {"K": "np.ndarray[float64]"}, "kwargs": "in ground truth values, it is an empty dict"}, "return": "np.ndarray[float64]"}, "values": {"inputs": {"self": {"n_components": 4, "kernel": "linear", "kernel_params": null, "gamma": null, "degree": 3, "coef0": 1, "alpha": 1.0, "fit_inverse_transform": true, "eigen_solver": "auto", "remove_zero_eig": false, "tol": 0, "max_iter": null, "random_state": null, "n_jobs": null, "copy_X": true, "_centerer": {}}, "args": {"K": "[[1.47291346 1.44411773 1.56851324 1.06402062 1.54967637]\n [1.44411773 1.58340425 1.47402593 0.94727625 1.66271466]\n [1.56851324 1.47402593 1.98223169 1.00463884 1.41497592]\n [1.06402062 0.94727625 1.00463884 1.1920414  0.91323582]\n [1.54967637 1.66271466 1.41497592 0.91323582 2.05611366]]"}, "kwargs": {}}, "return": "[[ 0.0081407  -0.02311451  0.03471164 -0.00514644 -0.01459139]\n [-0.02311451  0.11371252 -0.06223515 -0.12435029  0.09598742]\n [ 0.03471164 -0.06223515  0.37940125 -0.13355706 -0.21832068]\n [-0.00514644 -0.12435029 -0.13355706  0.51848003 -0.25542624]\n [-0.01459139  0.09598742 -0.21832068 -0.25542624  0.39235089]]"}, "name": "_fit_transform"}
{"types": {"inputs": {"self": {"n_components": "int", "kernel": "str", "kernel_params": "null value in the ground truth", "gamma": "null value in the ground truth", "degree": "int", "coef0": "int", "alpha": "float", "fit_inverse_transform": "bool", "eigen_solver": "str", "remove_zero_eig": "bool", "tol": "int", "max_iter": "null value in the ground truth", "random_state": "null value in the ground truth", "n_jobs": "null value in the ground truth", "copy_X": "bool", "_centerer": "in ground truth values, it is an empty dict", "lambdas_": "np.ndarray[float64]", "alphas_": "np.ndarray[float64]", "dual_coef_": "np.ndarray[float64]", "X_transformed_fit_": "np.ndarray[float64]", "X_fit_": "np.ndarray[float64]"}, "args": {"K": "np.ndarray[float64]"}, "kwargs": "in ground truth values, it is an empty dict"}, "return": "np.ndarray[float64]"}, "values": {"inputs": {"self": {"n_components": 4, "kernel": "linear", "kernel_params": null, "gamma": null, "degree": 3, "coef0": 1, "alpha": 1.0, "fit_inverse_transform": true, "eigen_solver": "auto", "remove_zero_eig": false, "tol": 0, "max_iter": null, "random_state": null, "n_jobs": null, "copy_X": true, "_centerer": {}, "lambdas_": "[0.76426421 0.556853   0.08978372 0.00118447]", "alphas_": "[[ 2.26216029e-02  6.58672443e-02 -2.22643191e-01  8.63469617e-01]\n [-2.46219403e-01 -4.61749843e-02  8.58629030e-01 -2.55708357e-04]\n [ 1.62563489e-01  8.00943811e-01 -1.43339596e-01 -3.33939942e-01]\n [ 7.05267031e-01 -4.97772621e-01 -5.75245539e-02 -2.26962022e-01]\n [-6.44232719e-01 -3.22863450e-01 -4.35121689e-01 -3.02311945e-01]]", "dual_coef_": "[[0.53374058 0.7229766  0.5942573  0.55212824]\n [0.47576343 0.64834457 0.41439623 0.81407738]\n [0.78955147 0.49610941 0.71338493 0.54781985]\n [0.51900905 0.84215242 0.26264903 0.29426966]\n [0.20632949 0.79315849 0.69658095 0.71439741]]", "X_transformed_fit_": "[[ 1.97763042e-02  4.91518395e-02 -6.67126539e-02  2.97173141e-02]\n [-2.15250434e-01 -3.44569663e-02  2.57279017e-01 -8.80050137e-06]\n [ 1.42116588e-01  5.97684965e-01 -4.29501788e-02 -1.14929326e-02]\n [ 6.16559996e-01 -3.71450790e-01 -1.72366181e-02 -7.81116273e-03]\n [-5.63202455e-01 -2.40929048e-01 -1.30379566e-01 -1.04044182e-02]]", "X_fit_": "[[0.5488135  0.71518937 0.60276338 0.54488318]\n [0.4236548  0.64589411 0.43758721 0.891773  ]\n [0.96366276 0.38344152 0.79172504 0.52889492]\n [0.56804456 0.92559664 0.07103606 0.0871293 ]\n [0.0202184  0.83261985 0.77815675 0.87001215]]"}, "args": {"K": "[[1.47291346 1.44411773 1.56851324 1.06402062 1.54967637]\n [1.44411773 1.58340425 1.47402593 0.94727625 1.66271466]\n [1.56851324 1.47402593 1.98223169 1.00463884 1.41497592]\n [1.06402062 0.94727625 1.00463884 1.1920414  0.91323582]\n [1.54967637 1.66271466 1.41497592 0.91323582 2.05611366]]"}, "kwargs": {}}, "return": "[[ 0.0081407  -0.02311451  0.03471164 -0.00514644 -0.01459139]\n [-0.02311451  0.11371252 -0.06223515 -0.12435029  0.09598742]\n [ 0.03471164 -0.06223515  0.37940125 -0.13355706 -0.21832068]\n [-0.00514644 -0.12435029 -0.13355706  0.51848003 -0.25542624]\n [-0.01459139  0.09598742 -0.21832068 -0.25542624  0.39235089]]"}, "name": "_fit_transform"}
{"types": {"inputs": {"self": {"n_components": "int", "kernel": "str", "kernel_params": "null value in the ground truth", "gamma": "null value in the ground truth", "degree": "int", "coef0": "int", "alpha": "float", "fit_inverse_transform": "bool", "eigen_solver": "str", "remove_zero_eig": "bool", "tol": "int", "max_iter": "null value in the ground truth", "random_state": "null value in the ground truth", "n_jobs": "null value in the ground truth", "copy_X": "bool", "_centerer": "in ground truth values, it is an empty dict"}, "args": {"K": "np.ndarray[float64]"}, "kwargs": "in ground truth values, it is an empty dict"}, "return": "np.ndarray[float64]"}, "values": {"inputs": {"self": {"n_components": 4, "kernel": "rbf", "kernel_params": null, "gamma": null, "degree": 3, "coef0": 1, "alpha": 1.0, "fit_inverse_transform": true, "eigen_solver": "auto", "remove_zero_eig": false, "tol": 0, "max_iter": null, "random_state": null, "n_jobs": null, "copy_X": true, "_centerer": {}}, "args": {"K": "[[1.         0.95885007 0.92355062 0.87439033 0.89814963]\n [0.95885007 1.         0.85693259 0.80233963 0.92448159]\n [0.92355062 0.85693259 1.         0.74732968 0.73926534]\n [0.87439033 0.80233963 0.74732968 1.         0.70087841]\n [0.89814963 0.92448159 0.73926534 0.70087841 1.        ]]"}, "kwargs": {}}, "return": "[[ 0.01211717 -0.00656541  0.01324027 -0.00749198 -0.01130006]\n [-0.00656541  0.05705188 -0.0309104  -0.05707533  0.03749925]\n [ 0.01324027 -0.0309104   0.16726214 -0.05698014 -0.09261187]\n [-0.00749198 -0.05707533 -0.05698014  0.22411821 -0.10257076]\n [-0.01130006  0.03749925 -0.09261187 -0.10257076  0.16898344]]"}, "name": "_fit_transform"}
{"types": {"inputs": {"self": {"n_components": "int", "kernel": "str", "kernel_params": "null value in the ground truth", "gamma": "null value in the ground truth", "degree": "int", "coef0": "int", "alpha": "float", "fit_inverse_transform": "bool", "eigen_solver": "str", "remove_zero_eig": "bool", "tol": "int", "max_iter": "null value in the ground truth", "random_state": "null value in the ground truth", "n_jobs": "null value in the ground truth", "copy_X": "bool", "_centerer": "in ground truth values, it is an empty dict", "lambdas_": "np.ndarray[float64]", "alphas_": "np.ndarray[float64]", "dual_coef_": "np.ndarray[float64]", "X_transformed_fit_": "np.ndarray[float64]", "X_fit_": "np.ndarray[float64]"}, "args": {"K": "np.ndarray[float64]"}, "kwargs": "in ground truth values, it is an empty dict"}, "return": "np.ndarray[float64]"}, "values": {"inputs": {"self": {"n_components": 4, "kernel": "rbf", "kernel_params": null, "gamma": null, "degree": 3, "coef0": 1, "alpha": 1.0, "fit_inverse_transform": true, "eigen_solver": "auto", "remove_zero_eig": false, "tol": 0, "max_iter": null, "random_state": null, "n_jobs": null, "copy_X": true, "_centerer": {}, "lambdas_": "[0.32359595 0.24422259 0.04862306 0.01309125]", "alphas_": "[[ 0.01897357  0.07866267 -0.0536301   0.88914341]\n [-0.26098104 -0.04467256  0.83828222 -0.16485196]\n [ 0.17303667  0.79483405 -0.20355854 -0.31122511]\n [ 0.70501084 -0.50546329 -0.08544222 -0.20041509]\n [-0.63604003 -0.32336087 -0.49565136 -0.21265125]]", "dual_coef_": "[[ 0.11596031  0.12531345  0.14516206  0.04875242]\n [ 0.01767235  0.06048522 -0.02032592  0.37569778]\n [ 0.50123352 -0.15528906  0.33142002  0.05709508]\n [ 0.14539167  0.33706145 -0.30552097 -0.32321928]\n [-0.33608296  0.25067696  0.31597154  0.3450536 ]]", "X_transformed_fit_": "[[ 0.01079321  0.03887421 -0.01182578  0.10173311]\n [-0.14846036 -0.02207668  0.18484657 -0.01886186]\n [ 0.09843277  0.3927981  -0.04488595 -0.03560944]\n [ 0.4010489  -0.24979431 -0.01884055 -0.02293089]\n [-0.36181452 -0.15980133 -0.10929428 -0.02433092]]", "X_fit_": "[[0.5488135  0.71518937 0.60276338 0.54488318]\n [0.4236548  0.64589411 0.43758721 0.891773  ]\n [0.96366276 0.38344152 0.79172504 0.52889492]\n [0.56804456 0.92559664 0.07103606 0.0871293 ]\n [0.0202184  0.83261985 0.77815675 0.87001215]]"}, "args": {"K": "[[1.         0.95885007 0.92355062 0.87439033 0.89814963]\n [0.95885007 1.         0.85693259 0.80233963 0.92448159]\n [0.92355062 0.85693259 1.         0.74732968 0.73926534]\n [0.87439033 0.80233963 0.74732968 1.         0.70087841]\n [0.89814963 0.92448159 0.73926534 0.70087841 1.        ]]"}, "kwargs": {}}, "return": "[[ 0.01211717 -0.00656541  0.01324027 -0.00749198 -0.01130006]\n [-0.00656541  0.05705188 -0.0309104  -0.05707533  0.03749925]\n [ 0.01324027 -0.0309104   0.16726214 -0.05698014 -0.09261187]\n [-0.00749198 -0.05707533 -0.05698014  0.22411821 -0.10257076]\n [-0.01130006  0.03749925 -0.09261187 -0.10257076  0.16898344]]"}, "name": "_fit_transform"}
{"types": {"inputs": {"self": {"n_components": "int", "kernel": "str", "kernel_params": "null value in the ground truth", "gamma": "null value in the ground truth", "degree": "int", "coef0": "int", "alpha": "float", "fit_inverse_transform": "bool", "eigen_solver": "str", "remove_zero_eig": "bool", "tol": "int", "max_iter": "null value in the ground truth", "random_state": "null value in the ground truth", "n_jobs": "null value in the ground truth", "copy_X": "bool", "_centerer": "in ground truth values, it is an empty dict"}, "args": {"K": "np.ndarray[float64]"}, "kwargs": "in ground truth values, it is an empty dict"}, "return": "np.ndarray[float64]"}, "values": {"inputs": {"self": {"n_components": 4, "kernel": "poly", "kernel_params": null, "gamma": null, "degree": 3, "coef0": 1, "alpha": 1.0, "fit_inverse_transform": true, "eigen_solver": "auto", "remove_zero_eig": false, "tol": 0, "max_iter": null, "random_state": null, "n_jobs": null, "copy_X": true, "_centerer": {}}, "args": {"K": "[[2.56139035 2.52117244 2.69797422 2.02911389 2.67068704]\n [2.52117244 2.71967647 2.56295262 1.89198858 2.83722686]\n [2.69797422 2.56295262 3.34510468 1.95856619 2.48090204]\n [2.02911389 1.89198858 1.95856619 2.1869279  1.8532024 ]\n [2.67068704 2.83722686 2.48090204 1.8532024  3.47058014]]"}, "kwargs": {}}, "return": "[[ 0.02090526 -0.02984846  0.04445676  0.00073659 -0.03625016]\n [-0.02984846  0.15811976 -0.10110064 -0.14692452  0.11975385]\n [ 0.04445676 -0.10110064  0.57855486 -0.18284347 -0.33906752]\n [ 0.00073659 -0.14692452 -0.18284347  0.6706584  -0.341627  ]\n [-0.03625016  0.11975385 -0.33906752 -0.341627    0.59719083]]"}, "name": "_fit_transform"}
{"types": {"inputs": {"self": {"n_components": "int", "kernel": "str", "kernel_params": "null value in the ground truth", "gamma": "null value in the ground truth", "degree": "int", "coef0": "int", "alpha": "float", "fit_inverse_transform": "bool", "eigen_solver": "str", "remove_zero_eig": "bool", "tol": "int", "max_iter": "null value in the ground truth", "random_state": "null value in the ground truth", "n_jobs": "null value in the ground truth", "copy_X": "bool", "_centerer": "in ground truth values, it is an empty dict", "lambdas_": "np.ndarray[float64]", "alphas_": "np.ndarray[float64]", "dual_coef_": "np.ndarray[float64]", "X_transformed_fit_": "np.ndarray[float64]", "X_fit_": "np.ndarray[float64]"}, "args": {"K": "np.ndarray[float64]"}, "kwargs": "in ground truth values, it is an empty dict"}, "return": "np.ndarray[float64]"}, "values": {"inputs": {"self": {"n_components": 4, "kernel": "poly", "kernel_params": null, "gamma": null, "degree": 3, "coef0": 1, "alpha": 1.0, "fit_inverse_transform": true, "eigen_solver": "auto", "remove_zero_eig": false, "tol": 0, "max_iter": null, "random_state": null, "n_jobs": null, "copy_X": true, "_centerer": {}, "lambdas_": "[1.06212016 0.80595021 0.13961209 0.01774667]", "alphas_": "[[-0.04688645  0.04766996 -0.14665095  0.87978562]\n [ 0.22582235  0.00458451  0.86245636 -0.07177941]\n [-0.34894142  0.74173406 -0.17065287 -0.31456012]\n [-0.55162699 -0.65421814 -0.10383907 -0.23858696]\n [ 0.72163251 -0.13977039 -0.44131347 -0.25485914]]", "dual_coef_": "[[ 0.11446622  0.14588861  0.1558901   0.06986953]\n [ 0.05614886  0.06721592 -0.02078117  0.33164403]\n [ 0.3430144  -0.07683665  0.24978107  0.0606063 ]\n [ 0.09809482  0.24618602 -0.17904912 -0.19127883]\n [-0.19480059  0.19371455  0.2361538   0.21427582]]", "X_transformed_fit_": "[[-0.04832081  0.04279558 -0.05479569  0.11720209]\n [ 0.23273074  0.00411573  0.32225424 -0.00956221]\n [-0.35961628  0.66588975 -0.06376393 -0.04190464]\n [-0.56850244 -0.58732257 -0.03879916 -0.03178375]\n [ 0.74370879 -0.12547849 -0.16489546 -0.03395148]]", "X_fit_": "[[0.5488135  0.71518937 0.60276338 0.54488318]\n [0.4236548  0.64589411 0.43758721 0.891773  ]\n [0.96366276 0.38344152 0.79172504 0.52889492]\n [0.56804456 0.92559664 0.07103606 0.0871293 ]\n [0.0202184  0.83261985 0.77815675 0.87001215]]"}, "args": {"K": "[[2.56139035 2.52117244 2.69797422 2.02911389 2.67068704]\n [2.52117244 2.71967647 2.56295262 1.89198858 2.83722686]\n [2.69797422 2.56295262 3.34510468 1.95856619 2.48090204]\n [2.02911389 1.89198858 1.95856619 2.1869279  1.8532024 ]\n [2.67068704 2.83722686 2.48090204 1.8532024  3.47058014]]"}, "kwargs": {}}, "return": "[[ 0.02090526 -0.02984846  0.04445676  0.00073659 -0.03625016]\n [-0.02984846  0.15811976 -0.10110064 -0.14692452  0.11975385]\n [ 0.04445676 -0.10110064  0.57855486 -0.18284347 -0.33906752]\n [ 0.00073659 -0.14692452 -0.18284347  0.6706584  -0.341627  ]\n [-0.03625016  0.11975385 -0.33906752 -0.341627    0.59719083]]"}, "name": "_fit_transform"}
{"types": {"inputs": {"self": {"n_components": "int", "kernel": "in ground truth values, it is an empty dict", "kernel_params": "null value in the ground truth", "gamma": "null value in the ground truth", "degree": "int", "coef0": "int", "alpha": "float", "fit_inverse_transform": "bool", "eigen_solver": "str", "remove_zero_eig": "bool", "tol": "int", "max_iter": "null value in the ground truth", "random_state": "null value in the ground truth", "n_jobs": "null value in the ground truth", "copy_X": "bool", "_centerer": "in ground truth values, it is an empty dict"}, "args": {"K": "np.ndarray[float64]"}, "kwargs": "in ground truth values, it is an empty dict"}, "return": "np.ndarray[float64]"}, "values": {"inputs": {"self": {"n_components": 4, "kernel": {}, "kernel_params": null, "gamma": null, "degree": 3, "coef0": 1, "alpha": 1.0, "fit_inverse_transform": false, "eigen_solver": "auto", "remove_zero_eig": false, "tol": 0, "max_iter": null, "random_state": null, "n_jobs": null, "copy_X": true, "_centerer": {}}, "args": {"K": "[[2.41164943 2.05201931 2.06391332 1.42216823 1.88305432]\n [2.05201931 2.39890912 1.77357845 1.22771427 1.97371187]\n [2.06391332 1.77357845 2.66772424 1.10965144 1.71071159]\n [1.42216823 1.22771427 1.10965144 1.65180656 1.0110036 ]\n [1.88305432 1.97371187 1.71071159 1.0110036  2.50100714]]"}, "kwargs": {}}, "return": "[[ 0.24197356 -0.03628225 -0.00431744 -0.06541554 -0.13595833]\n [-0.03628225  0.39198189 -0.21327799 -0.17849518  0.03607353]\n [-0.00431744 -0.21327799  0.7009386  -0.27648722 -0.20685595]\n [-0.06541554 -0.17849518 -0.27648722  0.84631489 -0.32591695]\n [-0.13595833  0.03607353 -0.20685595 -0.32591695  0.6326577 ]]"}, "name": "_fit_transform"}
{"types": {"inputs": {"self": {"n_components": "int", "kernel": "in ground truth values, it is an empty dict", "kernel_params": "null value in the ground truth", "gamma": "null value in the ground truth", "degree": "int", "coef0": "int", "alpha": "float", "fit_inverse_transform": "bool", "eigen_solver": "str", "remove_zero_eig": "bool", "tol": "int", "max_iter": "null value in the ground truth", "random_state": "null value in the ground truth", "n_jobs": "null value in the ground truth", "copy_X": "bool", "_centerer": "in ground truth values, it is an empty dict", "lambdas_": "np.ndarray[float64]", "alphas_": "np.ndarray[float64]", "X_fit_": "np.ndarray[float64]"}, "args": {"K": "np.ndarray[float64]"}, "kwargs": "in ground truth values, it is an empty dict"}, "return": "np.ndarray[float64]"}, "values": {"inputs": {"self": {"n_components": 4, "kernel": {}, "kernel_params": null, "gamma": null, "degree": 3, "coef0": 1, "alpha": 1.0, "fit_inverse_transform": false, "eigen_solver": "auto", "remove_zero_eig": false, "tol": 0, "max_iter": null, "random_state": null, "n_jobs": null, "copy_X": true, "_centerer": {}, "lambdas_": "[1.13581677 0.94921412 0.46377064 0.26506511]", "alphas_": "[[ 0.0163094   0.11613039  0.32090922  0.82659846]\n [-0.15661795 -0.30999135  0.68349343 -0.46066573]\n [-0.23756759  0.79613114 -0.1753842  -0.28102887]\n [ 0.83984946 -0.10718973 -0.24798806 -0.14719094]\n [-0.46197332 -0.49508046 -0.58103039  0.06228708]]", "X_fit_": "[[0.5488135  0.71518937 0.60276338 0.54488318]\n [0.4236548  0.64589411 0.43758721 0.891773  ]\n [0.96366276 0.38344152 0.79172504 0.52889492]\n [0.56804456 0.92559664 0.07103606 0.0871293 ]\n [0.0202184  0.83261985 0.77815675 0.87001215]]"}, "args": {"K": "[[2.41164943 2.05201931 2.06391332 1.42216823 1.88305432]\n [2.05201931 2.39890912 1.77357845 1.22771427 1.97371187]\n [2.06391332 1.77357845 2.66772424 1.10965144 1.71071159]\n [1.42216823 1.22771427 1.10965144 1.65180656 1.0110036 ]\n [1.88305432 1.97371187 1.71071159 1.0110036  2.50100714]]"}, "kwargs": {}}, "return": "[[ 0.24197356 -0.03628225 -0.00431744 -0.06541554 -0.13595833]\n [-0.03628225  0.39198189 -0.21327799 -0.17849518  0.03607353]\n [-0.00431744 -0.21327799  0.7009386  -0.27648722 -0.20685595]\n [-0.06541554 -0.17849518 -0.27648722  0.84631489 -0.32591695]\n [-0.13595833  0.03607353 -0.20685595 -0.32591695  0.6326577 ]]"}, "name": "_fit_transform"}
{"types": {"inputs": {"self": {"n_components": "int", "kernel": "str", "kernel_params": "null value in the ground truth", "gamma": "null value in the ground truth", "degree": "int", "coef0": "int", "alpha": "float", "fit_inverse_transform": "bool", "eigen_solver": "str", "remove_zero_eig": "bool", "tol": "int", "max_iter": "null value in the ground truth", "random_state": "null value in the ground truth", "n_jobs": "null value in the ground truth", "copy_X": "bool", "_centerer": "in ground truth values, it is an empty dict"}, "args": {"K": "np.ndarray[float64]"}, "kwargs": "in ground truth values, it is an empty dict"}, "return": "np.ndarray[float64]"}, "values": {"inputs": {"self": {"n_components": 4, "kernel": "linear", "kernel_params": null, "gamma": null, "degree": 3, "coef0": 1, "alpha": 1.0, "fit_inverse_transform": true, "eigen_solver": "dense", "remove_zero_eig": false, "tol": 0, "max_iter": null, "random_state": null, "n_jobs": null, "copy_X": true, "_centerer": {}}, "args": {"K": "[[1.47291346 1.44411773 1.56851324 1.06402062 1.54967637]\n [1.44411773 1.58340425 1.47402593 0.94727625 1.66271466]\n [1.56851324 1.47402593 1.98223169 1.00463884 1.41497592]\n [1.06402062 0.94727625 1.00463884 1.1920414  0.91323582]\n [1.54967637 1.66271466 1.41497592 0.91323582 2.05611366]]"}, "kwargs": {}}, "return": "[[ 0.0081407  -0.02311451  0.03471164 -0.00514644 -0.01459139]\n [-0.02311451  0.11371252 -0.06223515 -0.12435029  0.09598742]\n [ 0.03471164 -0.06223515  0.37940125 -0.13355706 -0.21832068]\n [-0.00514644 -0.12435029 -0.13355706  0.51848003 -0.25542624]\n [-0.01459139  0.09598742 -0.21832068 -0.25542624  0.39235089]]"}, "name": "_fit_transform"}
{"types": {"inputs": {"self": {"n_components": "int", "kernel": "str", "kernel_params": "null value in the ground truth", "gamma": "null value in the ground truth", "degree": "int", "coef0": "int", "alpha": "float", "fit_inverse_transform": "bool", "eigen_solver": "str", "remove_zero_eig": "bool", "tol": "int", "max_iter": "null value in the ground truth", "random_state": "null value in the ground truth", "n_jobs": "null value in the ground truth", "copy_X": "bool", "_centerer": "in ground truth values, it is an empty dict", "lambdas_": "np.ndarray[float64]", "alphas_": "np.ndarray[float64]", "dual_coef_": "np.ndarray[float64]", "X_transformed_fit_": "np.ndarray[float64]", "X_fit_": "np.ndarray[float64]"}, "args": {"K": "np.ndarray[float64]"}, "kwargs": "in ground truth values, it is an empty dict"}, "return": "np.ndarray[float64]"}, "values": {"inputs": {"self": {"n_components": 4, "kernel": "linear", "kernel_params": null, "gamma": null, "degree": 3, "coef0": 1, "alpha": 1.0, "fit_inverse_transform": true, "eigen_solver": "dense", "remove_zero_eig": false, "tol": 0, "max_iter": null, "random_state": null, "n_jobs": null, "copy_X": true, "_centerer": {}, "lambdas_": "[0.76426421 0.556853   0.08978372 0.00118447]", "alphas_": "[[ 2.26216029e-02  6.58672443e-02 -2.22643191e-01  8.63469617e-01]\n [-2.46219403e-01 -4.61749843e-02  8.58629030e-01 -2.55708357e-04]\n [ 1.62563489e-01  8.00943811e-01 -1.43339596e-01 -3.33939942e-01]\n [ 7.05267031e-01 -4.97772621e-01 -5.75245539e-02 -2.26962022e-01]\n [-6.44232719e-01 -3.22863450e-01 -4.35121689e-01 -3.02311945e-01]]", "dual_coef_": "[[0.53374058 0.7229766  0.5942573  0.55212824]\n [0.47576343 0.64834457 0.41439623 0.81407738]\n [0.78955147 0.49610941 0.71338493 0.54781985]\n [0.51900905 0.84215242 0.26264903 0.29426966]\n [0.20632949 0.79315849 0.69658095 0.71439741]]", "X_transformed_fit_": "[[ 1.97763042e-02  4.91518395e-02 -6.67126539e-02  2.97173141e-02]\n [-2.15250434e-01 -3.44569663e-02  2.57279017e-01 -8.80050137e-06]\n [ 1.42116588e-01  5.97684965e-01 -4.29501788e-02 -1.14929326e-02]\n [ 6.16559996e-01 -3.71450790e-01 -1.72366181e-02 -7.81116273e-03]\n [-5.63202455e-01 -2.40929048e-01 -1.30379566e-01 -1.04044182e-02]]", "X_fit_": "[[0.5488135  0.71518937 0.60276338 0.54488318]\n [0.4236548  0.64589411 0.43758721 0.891773  ]\n [0.96366276 0.38344152 0.79172504 0.52889492]\n [0.56804456 0.92559664 0.07103606 0.0871293 ]\n [0.0202184  0.83261985 0.77815675 0.87001215]]"}, "args": {"K": "[[1.47291346 1.44411773 1.56851324 1.06402062 1.54967637]\n [1.44411773 1.58340425 1.47402593 0.94727625 1.66271466]\n [1.56851324 1.47402593 1.98223169 1.00463884 1.41497592]\n [1.06402062 0.94727625 1.00463884 1.1920414  0.91323582]\n [1.54967637 1.66271466 1.41497592 0.91323582 2.05611366]]"}, "kwargs": {}}, "return": "[[ 0.0081407  -0.02311451  0.03471164 -0.00514644 -0.01459139]\n [-0.02311451  0.11371252 -0.06223515 -0.12435029  0.09598742]\n [ 0.03471164 -0.06223515  0.37940125 -0.13355706 -0.21832068]\n [-0.00514644 -0.12435029 -0.13355706  0.51848003 -0.25542624]\n [-0.01459139  0.09598742 -0.21832068 -0.25542624  0.39235089]]"}, "name": "_fit_transform"}
{"types": {"inputs": {"self": {"n_components": "int", "kernel": "str", "kernel_params": "null value in the ground truth", "gamma": "null value in the ground truth", "degree": "int", "coef0": "int", "alpha": "float", "fit_inverse_transform": "bool", "eigen_solver": "str", "remove_zero_eig": "bool", "tol": "int", "max_iter": "null value in the ground truth", "random_state": "null value in the ground truth", "n_jobs": "null value in the ground truth", "copy_X": "bool", "_centerer": "in ground truth values, it is an empty dict"}, "args": {"K": "np.ndarray[float64]"}, "kwargs": "in ground truth values, it is an empty dict"}, "return": "np.ndarray[float64]"}, "values": {"inputs": {"self": {"n_components": 4, "kernel": "rbf", "kernel_params": null, "gamma": null, "degree": 3, "coef0": 1, "alpha": 1.0, "fit_inverse_transform": true, "eigen_solver": "dense", "remove_zero_eig": false, "tol": 0, "max_iter": null, "random_state": null, "n_jobs": null, "copy_X": true, "_centerer": {}}, "args": {"K": "[[1.         0.95885007 0.92355062 0.87439033 0.89814963]\n [0.95885007 1.         0.85693259 0.80233963 0.92448159]\n [0.92355062 0.85693259 1.         0.74732968 0.73926534]\n [0.87439033 0.80233963 0.74732968 1.         0.70087841]\n [0.89814963 0.92448159 0.73926534 0.70087841 1.        ]]"}, "kwargs": {}}, "return": "[[ 0.01211717 -0.00656541  0.01324027 -0.00749198 -0.01130006]\n [-0.00656541  0.05705188 -0.0309104  -0.05707533  0.03749925]\n [ 0.01324027 -0.0309104   0.16726214 -0.05698014 -0.09261187]\n [-0.00749198 -0.05707533 -0.05698014  0.22411821 -0.10257076]\n [-0.01130006  0.03749925 -0.09261187 -0.10257076  0.16898344]]"}, "name": "_fit_transform"}
{"types": {"inputs": {"self": {"n_components": "int", "kernel": "str", "kernel_params": "null value in the ground truth", "gamma": "null value in the ground truth", "degree": "int", "coef0": "int", "alpha": "float", "fit_inverse_transform": "bool", "eigen_solver": "str", "remove_zero_eig": "bool", "tol": "int", "max_iter": "null value in the ground truth", "random_state": "null value in the ground truth", "n_jobs": "null value in the ground truth", "copy_X": "bool", "_centerer": "in ground truth values, it is an empty dict", "lambdas_": "np.ndarray[float64]", "alphas_": "np.ndarray[float64]", "dual_coef_": "np.ndarray[float64]", "X_transformed_fit_": "np.ndarray[float64]", "X_fit_": "np.ndarray[float64]"}, "args": {"K": "np.ndarray[float64]"}, "kwargs": "in ground truth values, it is an empty dict"}, "return": "np.ndarray[float64]"}, "values": {"inputs": {"self": {"n_components": 4, "kernel": "rbf", "kernel_params": null, "gamma": null, "degree": 3, "coef0": 1, "alpha": 1.0, "fit_inverse_transform": true, "eigen_solver": "dense", "remove_zero_eig": false, "tol": 0, "max_iter": null, "random_state": null, "n_jobs": null, "copy_X": true, "_centerer": {}, "lambdas_": "[0.32359595 0.24422259 0.04862306 0.01309125]", "alphas_": "[[ 0.01897357  0.07866267 -0.0536301   0.88914341]\n [-0.26098104 -0.04467256  0.83828222 -0.16485196]\n [ 0.17303667  0.79483405 -0.20355854 -0.31122511]\n [ 0.70501084 -0.50546329 -0.08544222 -0.20041509]\n [-0.63604003 -0.32336087 -0.49565136 -0.21265125]]", "dual_coef_": "[[ 0.11596031  0.12531345  0.14516206  0.04875242]\n [ 0.01767235  0.06048522 -0.02032592  0.37569778]\n [ 0.50123352 -0.15528906  0.33142002  0.05709508]\n [ 0.14539167  0.33706145 -0.30552097 -0.32321928]\n [-0.33608296  0.25067696  0.31597154  0.3450536 ]]", "X_transformed_fit_": "[[ 0.01079321  0.03887421 -0.01182578  0.10173311]\n [-0.14846036 -0.02207668  0.18484657 -0.01886186]\n [ 0.09843277  0.3927981  -0.04488595 -0.03560944]\n [ 0.4010489  -0.24979431 -0.01884055 -0.02293089]\n [-0.36181452 -0.15980133 -0.10929428 -0.02433092]]", "X_fit_": "[[0.5488135  0.71518937 0.60276338 0.54488318]\n [0.4236548  0.64589411 0.43758721 0.891773  ]\n [0.96366276 0.38344152 0.79172504 0.52889492]\n [0.56804456 0.92559664 0.07103606 0.0871293 ]\n [0.0202184  0.83261985 0.77815675 0.87001215]]"}, "args": {"K": "[[1.         0.95885007 0.92355062 0.87439033 0.89814963]\n [0.95885007 1.         0.85693259 0.80233963 0.92448159]\n [0.92355062 0.85693259 1.         0.74732968 0.73926534]\n [0.87439033 0.80233963 0.74732968 1.         0.70087841]\n [0.89814963 0.92448159 0.73926534 0.70087841 1.        ]]"}, "kwargs": {}}, "return": "[[ 0.01211717 -0.00656541  0.01324027 -0.00749198 -0.01130006]\n [-0.00656541  0.05705188 -0.0309104  -0.05707533  0.03749925]\n [ 0.01324027 -0.0309104   0.16726214 -0.05698014 -0.09261187]\n [-0.00749198 -0.05707533 -0.05698014  0.22411821 -0.10257076]\n [-0.01130006  0.03749925 -0.09261187 -0.10257076  0.16898344]]"}, "name": "_fit_transform"}
{"types": {"inputs": {"self": {"n_components": "int", "kernel": "str", "kernel_params": "null value in the ground truth", "gamma": "null value in the ground truth", "degree": "int", "coef0": "int", "alpha": "float", "fit_inverse_transform": "bool", "eigen_solver": "str", "remove_zero_eig": "bool", "tol": "int", "max_iter": "null value in the ground truth", "random_state": "null value in the ground truth", "n_jobs": "null value in the ground truth", "copy_X": "bool", "_centerer": "in ground truth values, it is an empty dict"}, "args": {"K": "np.ndarray[float64]"}, "kwargs": "in ground truth values, it is an empty dict"}, "return": "np.ndarray[float64]"}, "values": {"inputs": {"self": {"n_components": 4, "kernel": "poly", "kernel_params": null, "gamma": null, "degree": 3, "coef0": 1, "alpha": 1.0, "fit_inverse_transform": true, "eigen_solver": "dense", "remove_zero_eig": false, "tol": 0, "max_iter": null, "random_state": null, "n_jobs": null, "copy_X": true, "_centerer": {}}, "args": {"K": "[[2.56139035 2.52117244 2.69797422 2.02911389 2.67068704]\n [2.52117244 2.71967647 2.56295262 1.89198858 2.83722686]\n [2.69797422 2.56295262 3.34510468 1.95856619 2.48090204]\n [2.02911389 1.89198858 1.95856619 2.1869279  1.8532024 ]\n [2.67068704 2.83722686 2.48090204 1.8532024  3.47058014]]"}, "kwargs": {}}, "return": "[[ 0.02090526 -0.02984846  0.04445676  0.00073659 -0.03625016]\n [-0.02984846  0.15811976 -0.10110064 -0.14692452  0.11975385]\n [ 0.04445676 -0.10110064  0.57855486 -0.18284347 -0.33906752]\n [ 0.00073659 -0.14692452 -0.18284347  0.6706584  -0.341627  ]\n [-0.03625016  0.11975385 -0.33906752 -0.341627    0.59719083]]"}, "name": "_fit_transform"}
{"types": {"inputs": {"self": {"n_components": "int", "kernel": "str", "kernel_params": "null value in the ground truth", "gamma": "null value in the ground truth", "degree": "int", "coef0": "int", "alpha": "float", "fit_inverse_transform": "bool", "eigen_solver": "str", "remove_zero_eig": "bool", "tol": "int", "max_iter": "null value in the ground truth", "random_state": "null value in the ground truth", "n_jobs": "null value in the ground truth", "copy_X": "bool", "_centerer": "in ground truth values, it is an empty dict", "lambdas_": "np.ndarray[float64]", "alphas_": "np.ndarray[float64]", "dual_coef_": "np.ndarray[float64]", "X_transformed_fit_": "np.ndarray[float64]", "X_fit_": "np.ndarray[float64]"}, "args": {"K": "np.ndarray[float64]"}, "kwargs": "in ground truth values, it is an empty dict"}, "return": "np.ndarray[float64]"}, "values": {"inputs": {"self": {"n_components": 4, "kernel": "poly", "kernel_params": null, "gamma": null, "degree": 3, "coef0": 1, "alpha": 1.0, "fit_inverse_transform": true, "eigen_solver": "dense", "remove_zero_eig": false, "tol": 0, "max_iter": null, "random_state": null, "n_jobs": null, "copy_X": true, "_centerer": {}, "lambdas_": "[1.06212016 0.80595021 0.13961209 0.01774667]", "alphas_": "[[-0.04688645  0.04766996 -0.14665095  0.87978562]\n [ 0.22582235  0.00458451  0.86245636 -0.07177941]\n [-0.34894142  0.74173406 -0.17065287 -0.31456012]\n [-0.55162699 -0.65421814 -0.10383907 -0.23858696]\n [ 0.72163251 -0.13977039 -0.44131347 -0.25485914]]", "dual_coef_": "[[ 0.11446622  0.14588861  0.1558901   0.06986953]\n [ 0.05614886  0.06721592 -0.02078117  0.33164403]\n [ 0.3430144  -0.07683665  0.24978107  0.0606063 ]\n [ 0.09809482  0.24618602 -0.17904912 -0.19127883]\n [-0.19480059  0.19371455  0.2361538   0.21427582]]", "X_transformed_fit_": "[[-0.04832081  0.04279558 -0.05479569  0.11720209]\n [ 0.23273074  0.00411573  0.32225424 -0.00956221]\n [-0.35961628  0.66588975 -0.06376393 -0.04190464]\n [-0.56850244 -0.58732257 -0.03879916 -0.03178375]\n [ 0.74370879 -0.12547849 -0.16489546 -0.03395148]]", "X_fit_": "[[0.5488135  0.71518937 0.60276338 0.54488318]\n [0.4236548  0.64589411 0.43758721 0.891773  ]\n [0.96366276 0.38344152 0.79172504 0.52889492]\n [0.56804456 0.92559664 0.07103606 0.0871293 ]\n [0.0202184  0.83261985 0.77815675 0.87001215]]"}, "args": {"K": "[[2.56139035 2.52117244 2.69797422 2.02911389 2.67068704]\n [2.52117244 2.71967647 2.56295262 1.89198858 2.83722686]\n [2.69797422 2.56295262 3.34510468 1.95856619 2.48090204]\n [2.02911389 1.89198858 1.95856619 2.1869279  1.8532024 ]\n [2.67068704 2.83722686 2.48090204 1.8532024  3.47058014]]"}, "kwargs": {}}, "return": "[[ 0.02090526 -0.02984846  0.04445676  0.00073659 -0.03625016]\n [-0.02984846  0.15811976 -0.10110064 -0.14692452  0.11975385]\n [ 0.04445676 -0.10110064  0.57855486 -0.18284347 -0.33906752]\n [ 0.00073659 -0.14692452 -0.18284347  0.6706584  -0.341627  ]\n [-0.03625016  0.11975385 -0.33906752 -0.341627    0.59719083]]"}, "name": "_fit_transform"}
{"types": {"inputs": {"self": {"n_components": "int", "kernel": "in ground truth values, it is an empty dict", "kernel_params": "null value in the ground truth", "gamma": "null value in the ground truth", "degree": "int", "coef0": "int", "alpha": "float", "fit_inverse_transform": "bool", "eigen_solver": "str", "remove_zero_eig": "bool", "tol": "int", "max_iter": "null value in the ground truth", "random_state": "null value in the ground truth", "n_jobs": "null value in the ground truth", "copy_X": "bool", "_centerer": "in ground truth values, it is an empty dict"}, "args": {"K": "np.ndarray[float64]"}, "kwargs": "in ground truth values, it is an empty dict"}, "return": "np.ndarray[float64]"}, "values": {"inputs": {"self": {"n_components": 4, "kernel": {}, "kernel_params": null, "gamma": null, "degree": 3, "coef0": 1, "alpha": 1.0, "fit_inverse_transform": false, "eigen_solver": "dense", "remove_zero_eig": false, "tol": 0, "max_iter": null, "random_state": null, "n_jobs": null, "copy_X": true, "_centerer": {}}, "args": {"K": "[[2.41164943 2.05201931 2.06391332 1.42216823 1.88305432]\n [2.05201931 2.39890912 1.77357845 1.22771427 1.97371187]\n [2.06391332 1.77357845 2.66772424 1.10965144 1.71071159]\n [1.42216823 1.22771427 1.10965144 1.65180656 1.0110036 ]\n [1.88305432 1.97371187 1.71071159 1.0110036  2.50100714]]"}, "kwargs": {}}, "return": "[[ 0.24197356 -0.03628225 -0.00431744 -0.06541554 -0.13595833]\n [-0.03628225  0.39198189 -0.21327799 -0.17849518  0.03607353]\n [-0.00431744 -0.21327799  0.7009386  -0.27648722 -0.20685595]\n [-0.06541554 -0.17849518 -0.27648722  0.84631489 -0.32591695]\n [-0.13595833  0.03607353 -0.20685595 -0.32591695  0.6326577 ]]"}, "name": "_fit_transform"}
{"types": {"inputs": {"self": {"n_components": "int", "kernel": "in ground truth values, it is an empty dict", "kernel_params": "null value in the ground truth", "gamma": "null value in the ground truth", "degree": "int", "coef0": "int", "alpha": "float", "fit_inverse_transform": "bool", "eigen_solver": "str", "remove_zero_eig": "bool", "tol": "int", "max_iter": "null value in the ground truth", "random_state": "null value in the ground truth", "n_jobs": "null value in the ground truth", "copy_X": "bool", "_centerer": "in ground truth values, it is an empty dict", "lambdas_": "np.ndarray[float64]", "alphas_": "np.ndarray[float64]", "X_fit_": "np.ndarray[float64]"}, "args": {"K": "np.ndarray[float64]"}, "kwargs": "in ground truth values, it is an empty dict"}, "return": "np.ndarray[float64]"}, "values": {"inputs": {"self": {"n_components": 4, "kernel": {}, "kernel_params": null, "gamma": null, "degree": 3, "coef0": 1, "alpha": 1.0, "fit_inverse_transform": false, "eigen_solver": "dense", "remove_zero_eig": false, "tol": 0, "max_iter": null, "random_state": null, "n_jobs": null, "copy_X": true, "_centerer": {}, "lambdas_": "[1.13581677 0.94921412 0.46377064 0.26506511]", "alphas_": "[[ 0.0163094   0.11613039  0.32090922  0.82659846]\n [-0.15661795 -0.30999135  0.68349343 -0.46066573]\n [-0.23756759  0.79613114 -0.1753842  -0.28102887]\n [ 0.83984946 -0.10718973 -0.24798806 -0.14719094]\n [-0.46197332 -0.49508046 -0.58103039  0.06228708]]", "X_fit_": "[[0.5488135  0.71518937 0.60276338 0.54488318]\n [0.4236548  0.64589411 0.43758721 0.891773  ]\n [0.96366276 0.38344152 0.79172504 0.52889492]\n [0.56804456 0.92559664 0.07103606 0.0871293 ]\n [0.0202184  0.83261985 0.77815675 0.87001215]]"}, "args": {"K": "[[2.41164943 2.05201931 2.06391332 1.42216823 1.88305432]\n [2.05201931 2.39890912 1.77357845 1.22771427 1.97371187]\n [2.06391332 1.77357845 2.66772424 1.10965144 1.71071159]\n [1.42216823 1.22771427 1.10965144 1.65180656 1.0110036 ]\n [1.88305432 1.97371187 1.71071159 1.0110036  2.50100714]]"}, "kwargs": {}}, "return": "[[ 0.24197356 -0.03628225 -0.00431744 -0.06541554 -0.13595833]\n [-0.03628225  0.39198189 -0.21327799 -0.17849518  0.03607353]\n [-0.00431744 -0.21327799  0.7009386  -0.27648722 -0.20685595]\n [-0.06541554 -0.17849518 -0.27648722  0.84631489 -0.32591695]\n [-0.13595833  0.03607353 -0.20685595 -0.32591695  0.6326577 ]]"}, "name": "_fit_transform"}
{"types": {"inputs": {"self": {"n_components": "int", "kernel": "str", "kernel_params": "null value in the ground truth", "gamma": "null value in the ground truth", "degree": "int", "coef0": "int", "alpha": "float", "fit_inverse_transform": "bool", "eigen_solver": "str", "remove_zero_eig": "bool", "tol": "int", "max_iter": "null value in the ground truth", "random_state": "null value in the ground truth", "n_jobs": "null value in the ground truth", "copy_X": "bool", "_centerer": "in ground truth values, it is an empty dict"}, "args": {"K": "np.ndarray[float64]"}, "kwargs": "in ground truth values, it is an empty dict"}, "return": "np.ndarray[float64]"}, "values": {"inputs": {"self": {"n_components": 4, "kernel": "linear", "kernel_params": null, "gamma": null, "degree": 3, "coef0": 1, "alpha": 1.0, "fit_inverse_transform": true, "eigen_solver": "arpack", "remove_zero_eig": false, "tol": 0, "max_iter": null, "random_state": null, "n_jobs": null, "copy_X": true, "_centerer": {}}, "args": {"K": "[[1.47291346 1.44411773 1.56851324 1.06402062 1.54967637]\n [1.44411773 1.58340425 1.47402593 0.94727625 1.66271466]\n [1.56851324 1.47402593 1.98223169 1.00463884 1.41497592]\n [1.06402062 0.94727625 1.00463884 1.1920414  0.91323582]\n [1.54967637 1.66271466 1.41497592 0.91323582 2.05611366]]"}, "kwargs": {}}, "return": "[[ 0.0081407  -0.02311451  0.03471164 -0.00514644 -0.01459139]\n [-0.02311451  0.11371252 -0.06223515 -0.12435029  0.09598742]\n [ 0.03471164 -0.06223515  0.37940125 -0.13355706 -0.21832068]\n [-0.00514644 -0.12435029 -0.13355706  0.51848003 -0.25542624]\n [-0.01459139  0.09598742 -0.21832068 -0.25542624  0.39235089]]"}, "name": "_fit_transform"}
