{"types": {"inputs": {"self": "in ground truth values, it is an empty dict", "args": {"y_true": "null value in the ground truth", "y_score": "np.ndarray[float64]"}, "kwargs": "in ground truth values, it is an empty dict"}, "return": "float"}, "values": {"inputs": {"self": {}, "args": {"y_true": null, "y_score": "[[0.7 0.2 0.1]\n [0.4 0.3 0.3]\n [0.1 0.8 0.1]\n [0.2 0.3 0.5]]"}, "kwargs": {}}, "return": 1.0}, "name": "average_precision_score"}
{"types": {"inputs": {"self": "in ground truth values, it is an empty dict", "args": {"y_true": "null value in the ground truth", "y_score": "null value in the ground truth"}, "kwargs": "in ground truth values, it is an empty dict"}, "return": "float"}, "values": {"inputs": {"self": {}, "args": {"y_true": null, "y_score": null}, "kwargs": {}}, "return": 1.0}, "name": "average_precision_score"}
{"types": {"inputs": {"self": "in ground truth values, it is an empty dict", "args": {"y_true": "null value in the ground truth", "y_score": "np.ndarray[float64]"}, "kwargs": "in ground truth values, it is an empty dict"}, "return": "float"}, "values": {"inputs": {"self": {}, "args": {"y_true": null, "y_score": "[[0.2 0.3 0.5]\n [0.2 0.3 0.5]\n [0.4 0.5 0.3]\n [0.4 0.5 0.3]\n [0.8 0.5 0.3]]"}, "kwargs": {}}, "return": 0.8888888888888888}, "name": "average_precision_score"}
{"types": {"inputs": {"self": "in ground truth values, it is an empty dict", "args": {"y_true": "np.ndarray[int64]", "y_score": "np.ndarray[int64]"}, "kwargs": "in ground truth values, it is an empty dict"}, "return": "float"}, "values": {"inputs": {"self": {}, "args": {"y_true": "[0 1 1 0 1 1 1 1 1 1 1 0 0 1 0 0 0 0 0 1]", "y_score": "[0 1 1 0 0 1 1 1 1 0 1 0 1 0 1 1 0 1 1 0]"}, "kwargs": {}}, "return": 0.5712121212121213}, "name": "average_precision_score"}
{"types": {"inputs": {"self": "in ground truth values, it is an empty dict", "args": {"y_true": "np.ndarray[int64]", "y_score": "np.ndarray[int64]"}, "kwargs": "in ground truth values, it is an empty dict"}, "return": "float"}, "values": {"inputs": {"self": {}, "args": {"y_true": "[0 1 1 1 1 0 1 1 1 1 1 0 1 1 0 0 0 0 0 0]", "y_score": "[1 1 0 1 1 1 1 0 0 1 1 1 0 1 0 0 0 0 1 1]"}, "kwargs": {}}, "return": 0.5712121212121213}, "name": "average_precision_score"}
{"types": {"inputs": {"self": "in ground truth values, it is an empty dict", "args": {"y_true": "np.ndarray[int64]", "y_score": "np.ndarray[int64]"}, "kwargs": {"average": "str"}}, "return": "float"}, "values": {"inputs": {"self": {}, "args": {"y_true": "[0 1 1 0 1 1 1 1 1 1 1 0 0 1 0 0 0 0 0 1]", "y_score": "[0 1 1 0 0 1 1 1 1 0 1 0 1 0 1 1 0 1 1 0]"}, "kwargs": {"average": "micro"}}, "return": 0.5712121212121213}, "name": "average_precision_score"}
{"types": {"inputs": {"self": "in ground truth values, it is an empty dict", "args": {"y_true": "np.ndarray[int64]", "y_score": "np.ndarray[int64]"}, "kwargs": {"average": "str"}}, "return": "float"}, "values": {"inputs": {"self": {}, "args": {"y_true": "[0 1 1 1 1 0 1 1 1 1 1 0 1 1 0 0 0 0 0 0]", "y_score": "[1 1 0 1 1 1 1 0 0 1 1 1 0 1 0 0 0 0 1 1]"}, "kwargs": {"average": "micro"}}, "return": 0.5712121212121213}, "name": "average_precision_score"}
{"types": {"inputs": {"self": "in ground truth values, it is an empty dict", "args": {"y_true": "np.ndarray[int64]", "y_score": "np.ndarray[int64]"}, "kwargs": {"average": "str"}}, "return": "float"}, "values": {"inputs": {"self": {}, "args": {"y_true": "[0 1 1 0 1 1 1 1 1 1 1 0 0 1 0 0 0 0 0 1]", "y_score": "[0 1 1 0 0 1 1 1 1 0 1 0 1 0 1 1 0 1 1 0]"}, "kwargs": {"average": "samples"}}, "return": 0.5712121212121213}, "name": "average_precision_score"}
{"types": {"inputs": {"self": "in ground truth values, it is an empty dict", "args": {"y_true": "np.ndarray[int64]", "y_score": "np.ndarray[int64]"}, "kwargs": {"average": "str"}}, "return": "float"}, "values": {"inputs": {"self": {}, "args": {"y_true": "[0 1 1 1 1 0 1 1 1 1 1 0 1 1 0 0 0 0 0 0]", "y_score": "[1 1 0 1 1 1 1 0 0 1 1 1 0 1 0 0 0 0 1 1]"}, "kwargs": {"average": "samples"}}, "return": 0.5712121212121213}, "name": "average_precision_score"}
{"types": {"inputs": {"self": "in ground truth values, it is an empty dict", "args": {"y_true": "np.ndarray[int64]", "y_score": "np.ndarray[int64]"}, "kwargs": {"average": "str"}}, "return": "float"}, "values": {"inputs": {"self": {}, "args": {"y_true": "[0 1 1 0 1 1 1 1 1 1 1 0 0 1 0 0 0 0 0 1]", "y_score": "[0 1 1 0 0 1 1 1 1 0 1 0 1 0 1 1 0 1 1 0]"}, "kwargs": {"average": "weighted"}}, "return": 0.5712121212121213}, "name": "average_precision_score"}
{"types": {"inputs": {"self": "in ground truth values, it is an empty dict", "args": {"y_true": "np.ndarray[int64]", "y_score": "np.ndarray[int64]"}, "kwargs": {"average": "str"}}, "return": "float"}, "values": {"inputs": {"self": {}, "args": {"y_true": "[0 1 1 1 1 0 1 1 1 1 1 0 1 1 0 0 0 0 0 0]", "y_score": "[1 1 0 1 1 1 1 0 0 1 1 1 0 1 0 0 0 0 1 1]"}, "kwargs": {"average": "weighted"}}, "return": 0.5712121212121213}, "name": "average_precision_score"}
{"types": {"inputs": {"self": "in ground truth values, it is an empty dict", "args": {"y_true": "np.ndarray[int64]", "y_score": "np.ndarray[float64]"}, "kwargs": "in ground truth values, it is an empty dict"}, "return": "float"}, "values": {"inputs": {"self": {}, "args": {"y_true": "[[0 1 1 0 1 1 1 1 1 1 1 0 0 1 0 0 0 0 0 1 0 1 1 0 0]\n [1 1 1 1 0 1 0 1 0 1 1 0 1 1 0 0 1 0 1 1 1 1 1 0 1]\n [0 1 1 1 1 0 1 0 0 1 1 0 1 0 1 0 0 0 0 0 1 1 0 0 0]\n [1 1 0 1 0 0 1 0 1 1 1 1 1 1 0 1 1 0 0 1 0 0 1 1 0]\n [1 0 0 1 0 0 0 1 1 0 1 0 0 0 0 0 1 0 1 0 1 1 1 1 1]\n [0 1 1 1 1 0 1 1 0 0 1 0 0 0 0 1 1 0 0 1 0 1 1 1 1]\n [0 0 0 1 0 1 1 1 0 1 0 0 1 0 1 1 0 0 1 0 1 0 1 0 1]\n [0 1 0 0 0 1 0 1 0 1 0 0 0 0 0 1 0 0 1 0 0 0 1 0 0]\n [1 0 1 0 0 1 1 0 0 0 1 1 0 0 0 0 0 1 0 1 0 0 0 1 1]\n [1 0 0 1 1 1 1 0 0 0 1 1 0 1 0 0 1 0 1 1 1 1 0 0 0]\n [1 1 1 0 1 1 1 1 0 0 1 1 0 0 0 1 1 0 1 1 1 1 1 0 0]\n [0 1 0 1 0 1 1 0 0 0 1 0 0 1 1 1 1 0 1 0 0 0 0 1 1]\n [1 0 1 0 0 1 1 1 1 1 1 0 0 1 1 1 1 1 1 1 1 1 1 0 0]\n [0 0 1 1 1 0 1 1 1 1 1 1 1 0 0 0 0 1 1 0 1 0 0 1 0]\n [1 0 1 0 0 0 0 1 1 1 0 1 0 1 0 0 0 0 1 1 1 0 1 0 0]\n [1 1 1 0 1 1 0 1 0 1 1 0 0 1 1 0 1 1 1 1 1 1 0 0 1]\n [0 1 0 0 1 1 1 1 1 0 1 1 1 0 0 1 1 0 1 1 1 0 0 0 1]\n [0 0 0 0 0 0 1 1 1 0 0 1 1 1 0 1 0 1 0 1 1 1 0 1 0]\n [0 1 0 1 0 0 1 0 0 0 0 0 0 0 0 0 1 0 1 1 0 1 1 1 0]\n [0 1 1 1 1 0 1 0 1 0 0 0 0 1 1 1 1 1 0 1 0 1 0 1 0]]", "y_score": "[[-9.85510738e-01 -1.47183501e+00  1.64813493e+00  1.64227755e-01\n   5.67290278e-01 -2.22675101e-01 -3.53431749e-01 -1.61647419e+00\n  -2.91837363e-01 -7.61492212e-01  8.57923924e-01  1.14110187e+00\n   1.46657872e+00  8.52551939e-01 -5.98653937e-01 -1.11589699e+00\n   7.66663182e-01  3.56292817e-01 -1.76853845e+00  3.55481793e-01\n   8.14519822e-01  5.89255892e-02 -1.85053671e-01 -8.07648488e-01\n  -1.44653470e+00]\n [ 8.00297949e-01 -3.09114445e-01 -2.33466662e-01  1.73272119e+00\n   6.84501107e-01  3.70825001e-01  1.42061805e-01  1.51999486e+00\n   1.71958931e+00  9.29505111e-01  5.82224591e-01 -2.09460307e+00\n   1.23721914e-01 -1.30106954e-01  9.39532294e-02  9.43046087e-01\n  -2.73967717e+00 -5.69312053e-01  2.69904355e-01 -4.66845546e-01\n  -1.41690611e+00  8.68963487e-01  2.76871906e-01 -9.71104570e-01\n   3.14817205e-01]\n [ 8.21585712e-01  5.29264630e-03  8.00564803e-01  7.82601752e-02\n  -3.95228983e-01 -1.15942052e+00 -8.59307670e-02  1.94292938e-01\n   8.75832762e-01 -1.15107468e-01  4.57415606e-01 -9.64612014e-01\n  -7.82629156e-01 -1.10389299e-01 -1.05462846e+00  8.20247837e-01\n   4.63130329e-01  2.79095764e-01  3.38904125e-01  2.02104356e+00\n  -4.68864188e-01 -2.20144129e+00  1.99300197e-01 -5.06035410e-02\n  -5.17519043e-01]\n [-9.78829859e-01 -4.39189522e-01  1.81338429e-01 -5.02816701e-01\n   2.41245368e+00 -9.60504382e-01 -7.93117363e-01 -2.28862004e+00\n   2.51484415e-01 -2.01640663e+00 -5.39454633e-01 -2.75670535e-01\n  -7.09727966e-01  1.73887268e+00  9.94394391e-01  1.31913688e+00\n  -8.82418819e-01  1.12859406e+00  4.96000946e-01  7.71405949e-01\n   1.02943883e+00 -9.08763246e-01 -4.24317621e-01  8.62596011e-01\n  -2.65561909e+00]\n [ 1.51332808e+00  5.53132064e-01 -4.57039607e-02  2.20507656e-01\n  -1.02993528e+00 -3.49943365e-01  1.10028434e+00  1.29802197e+00\n   2.69622405e+00 -7.39246663e-02 -6.58552967e-01 -5.14233966e-01\n  -1.01804188e+00 -7.78547559e-02  3.82732430e-01 -3.42422805e-02\n   1.09634685e+00 -2.34215801e-01 -3.47450652e-01 -5.81268477e-01\n  -1.63263453e+00 -1.56776772e+00 -1.17915793e+00  1.30142807e+00\n   8.95260273e-01]\n [ 1.37496407e+00 -1.33221165e+00 -1.96862469e+00 -6.60056320e-01\n   1.75818953e-01  4.98690275e-01  1.04797216e+00  2.84279671e-01\n   1.74266878e+00 -2.22605681e-01 -9.13079218e-01 -1.68121822e+00\n  -8.88971358e-01  2.42117961e-01 -8.88720257e-01  9.36742464e-01\n   1.41232771e+00 -2.36958691e+00  8.64052300e-01 -2.23960406e+00\n   4.01499055e-01  1.22487056e+00  6.48561063e-02 -1.27968917e+00\n  -5.85431204e-01]\n [-2.61645446e-01 -1.82244784e-01 -2.02896841e-01 -1.09882779e-01\n   2.13480049e-01 -1.20857365e+00 -2.42019830e-01  1.51826117e+00\n  -3.84645423e-01 -4.43836093e-01  1.07819730e+00 -2.55918467e+00\n   1.18137860e+00 -6.31903758e-01  1.63928572e-01  9.63213559e-02\n   9.42468119e-01 -2.67594746e-01 -6.78025782e-01  1.29784579e+00\n  -2.36417382e+00  2.03341817e-02 -1.34792542e+00 -7.61573388e-01\n   2.01125668e+00]\n [-4.45954265e-02  1.95069697e-01 -1.78156286e+00 -7.29044659e-01\n   1.96557401e-01  3.54757693e-01  6.16886554e-01  8.62789892e-03\n   5.27004208e-01  4.53781913e-01 -1.82974041e+00  3.70057219e-02\n   7.67902408e-01  5.89879821e-01 -3.63858810e-01 -8.05626508e-01\n  -1.11831192e+00 -1.31054012e-01  1.13307988e+00 -1.95180410e+00\n  -6.59891730e-01 -1.13980246e+00  7.84957521e-01 -5.54309627e-01\n  -4.70637658e-01]\n [-2.16949570e-01  4.45393251e-01 -3.92388998e-01 -3.04614305e+00\n   5.43311891e-01  4.39042958e-01 -2.19541028e-01 -1.08403662e+00\n   3.51780111e-01  3.79235534e-01 -4.70032883e-01 -2.16731471e-01\n  -9.30156503e-01 -1.78589092e-01 -1.55042935e+00  4.17318821e-01\n  -9.44368491e-01  2.38103148e-01 -1.40596292e+00 -5.90057646e-01\n  -1.10489405e-01 -1.66069981e+00  1.15147873e-01 -3.79147563e-01\n  -1.74235620e+00]\n [-1.30324275e+00  6.05120084e-01  8.95555986e-01 -1.31908640e-01\n   4.04761812e-01  2.23843563e-01  3.29622982e-01  1.28598401e+00\n  -1.50699840e+00  6.76460732e-01 -3.82008956e-01 -2.24258934e-01\n  -3.02249730e-01 -3.75147117e-01 -1.22619619e+00  1.83339199e-01\n   1.67094303e+00 -5.61330204e-02 -1.38504274e-03 -6.87299037e-01\n  -1.17474546e-01  4.66166426e-01 -3.70242441e-01 -4.53804041e-01\n   4.03264540e-01]\n [-9.18004770e-01  2.52496627e-01  8.20321797e-01  1.35994854e+00\n  -9.03820073e-02  1.36759724e+00  1.03440989e+00 -9.96212640e-01\n  -1.21793851e+00 -3.04963638e-01  1.02893549e+00 -7.22870076e-02\n  -6.00657558e-01  1.55224318e+00  2.86904488e-01 -2.32059428e+00\n   3.17160626e-01  5.20040615e-01  2.25608654e-01  4.49712100e-01\n  -6.72756089e-02 -1.31839587e+00 -3.70704003e-01 -9.45615796e-01\n  -9.32740911e-01]\n [-1.26306835e+00  4.52489093e-01  9.78961454e-02 -4.48165363e-01\n  -6.49337928e-01 -2.34231050e-02  1.07919473e+00 -2.00421572e+00\n   3.76876521e-01 -5.45711974e-01 -1.88458584e+00 -1.94570308e+00\n  -9.12783494e-01  2.19509556e-01  3.93062934e-01 -9.38981573e-01\n   1.01702099e+00  1.42298350e+00  3.96086585e-01 -5.91402668e-01\n   1.12441918e+00  7.55395696e-01  8.67407411e-01 -6.56463675e-01\n  -2.83455451e+00]\n [ 2.11679102e+00 -1.61087840e+00 -3.57680719e-02  2.38074535e+00\n   3.30576756e-01  9.49246474e-01 -1.50239657e+00 -1.77766695e+00\n  -5.32702792e-01  1.09074973e+00 -3.46249448e-01 -7.94636321e-01\n   1.97967290e-01  1.08193522e+00 -1.44494020e+00 -1.21054299e+00\n  -7.88669255e-01  1.09463837e+00  2.34821526e-01  2.13215341e+00\n   9.36445726e-01 -3.50951769e-02  1.26507784e+00  2.11497013e-01\n  -7.04921353e-01]\n [ 6.79974844e-01 -6.96326654e-01 -2.90397101e-01  1.32778270e+00\n  -1.01281486e-01 -8.03141387e-01 -4.64337691e-01  1.02179059e+00\n  -5.52540673e-01 -3.86870847e-01 -5.10292740e-01  1.83925494e-01\n  -3.85489760e-01 -1.60183605e+00 -8.87180942e-01 -9.32789042e-01\n   1.24331938e+00  8.12674042e-01  5.87259379e-01 -5.05358317e-01\n  -8.15791542e-01 -5.07517602e-01 -1.05188010e+00  2.49720039e+00\n  -2.24532165e+00]\n [ 5.64008535e-01 -1.28455230e+00 -1.04343491e-01 -9.88001942e-01\n  -1.17762896e+00 -1.14019630e+00  1.75498615e+00 -1.32988422e-01\n  -7.65702194e-01  5.55786964e-01  1.03493146e-02  7.20033759e-01\n  -1.82425666e+00  3.03603904e-01  7.72694837e-01 -1.66159829e+00\n   4.48195284e-01  1.69618157e+00 -1.48577034e-02  8.21405937e-01\n   6.70570450e-01 -7.07505698e-01  3.97667346e-02 -1.56699471e+00\n  -4.51303037e-01]\n [ 2.65687975e-01  7.23100494e-01  2.46121252e-02  7.19983730e-01\n  -1.10290621e+00 -1.01697275e-01  1.92793845e-02  1.84959125e+00\n  -2.14166656e-01 -4.99016638e-01  2.13512238e-02 -9.19113445e-01\n   1.92753849e-01 -3.65055217e-01 -1.79132755e+00 -5.85865511e-02\n  -3.17543094e-01 -1.63242330e+00 -6.71341546e-02  1.48935596e+00\n   5.21303748e-01  6.11927193e-01 -1.34149673e+00  4.76898369e-01\n   1.48449581e-01]\n [ 5.29045238e-01  4.22628622e-01 -1.35978073e+00 -4.14008116e-02\n  -7.57870860e-01 -5.00840943e-02 -8.97400927e-01  1.31247037e+00\n  -8.58972388e-01 -8.98942156e-01  7.45864065e-02 -1.07709907e+00\n  -4.24663302e-01 -8.29964598e-01  1.41117206e+00  7.85803827e-01\n  -5.74695185e-02 -3.91217052e-01  9.40917615e-01  4.05204080e-01\n   4.98052405e-01 -2.61922373e-02 -1.68823003e+00 -1.12465983e-01\n  -5.32489919e-01]\n [ 6.45055273e-01  1.01184243e+00 -6.57951045e-01  4.68385234e-01\n   1.73587900e+00 -6.67712721e-01  1.68192174e+00 -8.52585847e-01\n   2.29597556e-02 -1.11456118e-02  1.14988999e-02 -8.37678042e-01\n  -5.91183104e-01 -6.67720286e-01  3.26962595e-01  3.30035115e-01\n   2.22594433e+00  1.37098901e+00 -5.09843242e-01  3.24869616e-01\n   9.97117981e-01  3.06018243e-02 -6.96415784e-02  5.15749428e-02\n   8.67276629e-01]\n [-8.48320523e-01 -3.25669469e-01  4.70433145e-01  3.11447072e-01\n   2.39582760e-01 -3.69801166e-01  9.72535789e-01  2.13386825e+00\n   4.06415494e-01 -1.93176702e-01  7.55740289e-01 -5.39132637e-01\n  -7.49690345e-01  3.28087476e-02 -2.58279663e+00 -1.15395036e+00\n  -3.47961856e-01 -1.35338886e+00 -1.03264310e+00 -4.36748337e-01\n  -1.64296529e+00 -4.06071796e-01 -5.35270165e-01  2.54052084e-02\n   1.15418403e+00]\n [ 1.72504416e-01  2.10620213e-02  9.94544570e-02  2.27392775e-01\n  -1.01673865e+00 -1.14775325e-01  3.08751242e-01 -1.37075998e+00\n   8.65652923e-01  1.08137603e+00 -6.31375988e-01 -2.41337791e-01\n  -8.78190343e-01  6.99380484e-01 -1.06122229e+00 -2.22477010e-01\n  -8.58919908e-01  5.09542770e-02 -1.79422927e+00  1.32646164e+00\n  -9.64606424e-01  5.98946831e-02 -2.12523045e-01 -7.62114512e-01\n  -8.87780137e-01]]"}, "kwargs": {}}, "return": 0.6037501581890651}, "name": "average_precision_score"}
{"types": {"inputs": {"self": "in ground truth values, it is an empty dict", "args": {"y_true": "np.ndarray[int64]", "y_score": "np.ndarray[float64]"}, "kwargs": "in ground truth values, it is an empty dict"}, "return": "float"}, "values": {"inputs": {"self": {}, "args": {"y_true": "[[0 1 0 1 0 0 1 0 0 0 0 0 0 0 0 0 1 0 1 1 0 1 1 1 0]\n [1 1 1 1 0 1 0 1 0 1 1 0 1 1 0 0 1 0 1 1 1 1 1 0 1]\n [0 1 1 1 1 0 1 0 1 0 0 0 0 1 1 1 1 1 0 1 0 1 0 1 0]\n [1 0 1 0 0 1 1 0 0 0 1 1 0 0 0 0 0 1 0 1 0 0 0 1 1]\n [1 1 1 0 1 1 1 1 0 0 1 1 0 0 0 1 1 0 1 1 1 1 1 0 0]\n [0 0 0 0 0 0 1 1 1 0 0 1 1 1 0 1 0 1 0 1 1 1 0 1 0]\n [0 0 0 1 0 1 1 1 0 1 0 0 1 0 1 1 0 0 1 0 1 0 1 0 1]\n [0 0 1 1 1 0 1 1 1 1 1 1 1 0 0 0 0 1 1 0 1 0 0 1 0]\n [1 0 0 1 0 0 0 1 1 0 1 0 0 0 0 0 1 0 1 0 1 1 1 1 1]\n [0 1 1 1 1 0 1 0 0 1 1 0 1 0 1 0 0 0 0 0 1 1 0 0 0]\n [0 1 1 1 1 0 1 1 0 0 1 0 0 0 0 1 1 0 0 1 0 1 1 1 1]\n [1 0 1 0 0 0 0 1 1 1 0 1 0 1 0 0 0 0 1 1 1 0 1 0 0]\n [1 0 0 1 1 1 1 0 0 0 1 1 0 1 0 0 1 0 1 1 1 1 0 0 0]\n [0 1 0 0 0 1 0 1 0 1 0 0 0 0 0 1 0 0 1 0 0 0 1 0 0]\n [0 1 0 0 1 1 1 1 1 0 1 1 1 0 0 1 1 0 1 1 1 0 0 0 1]\n [0 1 0 1 0 1 1 0 0 0 1 0 0 1 1 1 1 0 1 0 0 0 0 1 1]\n [1 1 0 1 0 0 1 0 1 1 1 1 1 1 0 1 1 0 0 1 0 0 1 1 0]\n [0 1 1 0 1 1 1 1 1 1 1 0 0 1 0 0 0 0 0 1 0 1 1 0 0]\n [1 1 1 0 1 1 0 1 0 1 1 0 0 1 1 0 1 1 1 1 1 1 0 0 1]\n [1 0 1 0 0 1 1 1 1 1 1 0 0 1 1 1 1 1 1 1 1 1 1 0 0]]", "y_score": "[[-8.48320523e-01 -3.25669469e-01  4.70433145e-01  3.11447072e-01\n   2.39582760e-01 -3.69801166e-01  9.72535789e-01  2.13386825e+00\n   4.06415494e-01 -1.93176702e-01  7.55740289e-01 -5.39132637e-01\n  -7.49690345e-01  3.28087476e-02 -2.58279663e+00 -1.15395036e+00\n  -3.47961856e-01 -1.35338886e+00 -1.03264310e+00 -4.36748337e-01\n  -1.64296529e+00 -4.06071796e-01 -5.35270165e-01  2.54052084e-02\n   1.15418403e+00]\n [ 8.00297949e-01 -3.09114445e-01 -2.33466662e-01  1.73272119e+00\n   6.84501107e-01  3.70825001e-01  1.42061805e-01  1.51999486e+00\n   1.71958931e+00  9.29505111e-01  5.82224591e-01 -2.09460307e+00\n   1.23721914e-01 -1.30106954e-01  9.39532294e-02  9.43046087e-01\n  -2.73967717e+00 -5.69312053e-01  2.69904355e-01 -4.66845546e-01\n  -1.41690611e+00  8.68963487e-01  2.76871906e-01 -9.71104570e-01\n   3.14817205e-01]\n [ 1.72504416e-01  2.10620213e-02  9.94544570e-02  2.27392775e-01\n  -1.01673865e+00 -1.14775325e-01  3.08751242e-01 -1.37075998e+00\n   8.65652923e-01  1.08137603e+00 -6.31375988e-01 -2.41337791e-01\n  -8.78190343e-01  6.99380484e-01 -1.06122229e+00 -2.22477010e-01\n  -8.58919908e-01  5.09542770e-02 -1.79422927e+00  1.32646164e+00\n  -9.64606424e-01  5.98946831e-02 -2.12523045e-01 -7.62114512e-01\n  -8.87780137e-01]\n [-2.16949570e-01  4.45393251e-01 -3.92388998e-01 -3.04614305e+00\n   5.43311891e-01  4.39042958e-01 -2.19541028e-01 -1.08403662e+00\n   3.51780111e-01  3.79235534e-01 -4.70032883e-01 -2.16731471e-01\n  -9.30156503e-01 -1.78589092e-01 -1.55042935e+00  4.17318821e-01\n  -9.44368491e-01  2.38103148e-01 -1.40596292e+00 -5.90057646e-01\n  -1.10489405e-01 -1.66069981e+00  1.15147873e-01 -3.79147563e-01\n  -1.74235620e+00]\n [-9.18004770e-01  2.52496627e-01  8.20321797e-01  1.35994854e+00\n  -9.03820073e-02  1.36759724e+00  1.03440989e+00 -9.96212640e-01\n  -1.21793851e+00 -3.04963638e-01  1.02893549e+00 -7.22870076e-02\n  -6.00657558e-01  1.55224318e+00  2.86904488e-01 -2.32059428e+00\n   3.17160626e-01  5.20040615e-01  2.25608654e-01  4.49712100e-01\n  -6.72756089e-02 -1.31839587e+00 -3.70704003e-01 -9.45615796e-01\n  -9.32740911e-01]\n [ 6.45055273e-01  1.01184243e+00 -6.57951045e-01  4.68385234e-01\n   1.73587900e+00 -6.67712721e-01  1.68192174e+00 -8.52585847e-01\n   2.29597556e-02 -1.11456118e-02  1.14988999e-02 -8.37678042e-01\n  -5.91183104e-01 -6.67720286e-01  3.26962595e-01  3.30035115e-01\n   2.22594433e+00  1.37098901e+00 -5.09843242e-01  3.24869616e-01\n   9.97117981e-01  3.06018243e-02 -6.96415784e-02  5.15749428e-02\n   8.67276629e-01]\n [-2.61645446e-01 -1.82244784e-01 -2.02896841e-01 -1.09882779e-01\n   2.13480049e-01 -1.20857365e+00 -2.42019830e-01  1.51826117e+00\n  -3.84645423e-01 -4.43836093e-01  1.07819730e+00 -2.55918467e+00\n   1.18137860e+00 -6.31903758e-01  1.63928572e-01  9.63213559e-02\n   9.42468119e-01 -2.67594746e-01 -6.78025782e-01  1.29784579e+00\n  -2.36417382e+00  2.03341817e-02 -1.34792542e+00 -7.61573388e-01\n   2.01125668e+00]\n [ 6.79974844e-01 -6.96326654e-01 -2.90397101e-01  1.32778270e+00\n  -1.01281486e-01 -8.03141387e-01 -4.64337691e-01  1.02179059e+00\n  -5.52540673e-01 -3.86870847e-01 -5.10292740e-01  1.83925494e-01\n  -3.85489760e-01 -1.60183605e+00 -8.87180942e-01 -9.32789042e-01\n   1.24331938e+00  8.12674042e-01  5.87259379e-01 -5.05358317e-01\n  -8.15791542e-01 -5.07517602e-01 -1.05188010e+00  2.49720039e+00\n  -2.24532165e+00]\n [ 1.51332808e+00  5.53132064e-01 -4.57039607e-02  2.20507656e-01\n  -1.02993528e+00 -3.49943365e-01  1.10028434e+00  1.29802197e+00\n   2.69622405e+00 -7.39246663e-02 -6.58552967e-01 -5.14233966e-01\n  -1.01804188e+00 -7.78547559e-02  3.82732430e-01 -3.42422805e-02\n   1.09634685e+00 -2.34215801e-01 -3.47450652e-01 -5.81268477e-01\n  -1.63263453e+00 -1.56776772e+00 -1.17915793e+00  1.30142807e+00\n   8.95260273e-01]\n [ 8.21585712e-01  5.29264630e-03  8.00564803e-01  7.82601752e-02\n  -3.95228983e-01 -1.15942052e+00 -8.59307670e-02  1.94292938e-01\n   8.75832762e-01 -1.15107468e-01  4.57415606e-01 -9.64612014e-01\n  -7.82629156e-01 -1.10389299e-01 -1.05462846e+00  8.20247837e-01\n   4.63130329e-01  2.79095764e-01  3.38904125e-01  2.02104356e+00\n  -4.68864188e-01 -2.20144129e+00  1.99300197e-01 -5.06035410e-02\n  -5.17519043e-01]\n [ 1.37496407e+00 -1.33221165e+00 -1.96862469e+00 -6.60056320e-01\n   1.75818953e-01  4.98690275e-01  1.04797216e+00  2.84279671e-01\n   1.74266878e+00 -2.22605681e-01 -9.13079218e-01 -1.68121822e+00\n  -8.88971358e-01  2.42117961e-01 -8.88720257e-01  9.36742464e-01\n   1.41232771e+00 -2.36958691e+00  8.64052300e-01 -2.23960406e+00\n   4.01499055e-01  1.22487056e+00  6.48561063e-02 -1.27968917e+00\n  -5.85431204e-01]\n [ 5.64008535e-01 -1.28455230e+00 -1.04343491e-01 -9.88001942e-01\n  -1.17762896e+00 -1.14019630e+00  1.75498615e+00 -1.32988422e-01\n  -7.65702194e-01  5.55786964e-01  1.03493146e-02  7.20033759e-01\n  -1.82425666e+00  3.03603904e-01  7.72694837e-01 -1.66159829e+00\n   4.48195284e-01  1.69618157e+00 -1.48577034e-02  8.21405937e-01\n   6.70570450e-01 -7.07505698e-01  3.97667346e-02 -1.56699471e+00\n  -4.51303037e-01]\n [-1.30324275e+00  6.05120084e-01  8.95555986e-01 -1.31908640e-01\n   4.04761812e-01  2.23843563e-01  3.29622982e-01  1.28598401e+00\n  -1.50699840e+00  6.76460732e-01 -3.82008956e-01 -2.24258934e-01\n  -3.02249730e-01 -3.75147117e-01 -1.22619619e+00  1.83339199e-01\n   1.67094303e+00 -5.61330204e-02 -1.38504274e-03 -6.87299037e-01\n  -1.17474546e-01  4.66166426e-01 -3.70242441e-01 -4.53804041e-01\n   4.03264540e-01]\n [-4.45954265e-02  1.95069697e-01 -1.78156286e+00 -7.29044659e-01\n   1.96557401e-01  3.54757693e-01  6.16886554e-01  8.62789892e-03\n   5.27004208e-01  4.53781913e-01 -1.82974041e+00  3.70057219e-02\n   7.67902408e-01  5.89879821e-01 -3.63858810e-01 -8.05626508e-01\n  -1.11831192e+00 -1.31054012e-01  1.13307988e+00 -1.95180410e+00\n  -6.59891730e-01 -1.13980246e+00  7.84957521e-01 -5.54309627e-01\n  -4.70637658e-01]\n [ 5.29045238e-01  4.22628622e-01 -1.35978073e+00 -4.14008116e-02\n  -7.57870860e-01 -5.00840943e-02 -8.97400927e-01  1.31247037e+00\n  -8.58972388e-01 -8.98942156e-01  7.45864065e-02 -1.07709907e+00\n  -4.24663302e-01 -8.29964598e-01  1.41117206e+00  7.85803827e-01\n  -5.74695185e-02 -3.91217052e-01  9.40917615e-01  4.05204080e-01\n   4.98052405e-01 -2.61922373e-02 -1.68823003e+00 -1.12465983e-01\n  -5.32489919e-01]\n [-1.26306835e+00  4.52489093e-01  9.78961454e-02 -4.48165363e-01\n  -6.49337928e-01 -2.34231050e-02  1.07919473e+00 -2.00421572e+00\n   3.76876521e-01 -5.45711974e-01 -1.88458584e+00 -1.94570308e+00\n  -9.12783494e-01  2.19509556e-01  3.93062934e-01 -9.38981573e-01\n   1.01702099e+00  1.42298350e+00  3.96086585e-01 -5.91402668e-01\n   1.12441918e+00  7.55395696e-01  8.67407411e-01 -6.56463675e-01\n  -2.83455451e+00]\n [-9.78829859e-01 -4.39189522e-01  1.81338429e-01 -5.02816701e-01\n   2.41245368e+00 -9.60504382e-01 -7.93117363e-01 -2.28862004e+00\n   2.51484415e-01 -2.01640663e+00 -5.39454633e-01 -2.75670535e-01\n  -7.09727966e-01  1.73887268e+00  9.94394391e-01  1.31913688e+00\n  -8.82418819e-01  1.12859406e+00  4.96000946e-01  7.71405949e-01\n   1.02943883e+00 -9.08763246e-01 -4.24317621e-01  8.62596011e-01\n  -2.65561909e+00]\n [-9.85510738e-01 -1.47183501e+00  1.64813493e+00  1.64227755e-01\n   5.67290278e-01 -2.22675101e-01 -3.53431749e-01 -1.61647419e+00\n  -2.91837363e-01 -7.61492212e-01  8.57923924e-01  1.14110187e+00\n   1.46657872e+00  8.52551939e-01 -5.98653937e-01 -1.11589699e+00\n   7.66663182e-01  3.56292817e-01 -1.76853845e+00  3.55481793e-01\n   8.14519822e-01  5.89255892e-02 -1.85053671e-01 -8.07648488e-01\n  -1.44653470e+00]\n [ 2.65687975e-01  7.23100494e-01  2.46121252e-02  7.19983730e-01\n  -1.10290621e+00 -1.01697275e-01  1.92793845e-02  1.84959125e+00\n  -2.14166656e-01 -4.99016638e-01  2.13512238e-02 -9.19113445e-01\n   1.92753849e-01 -3.65055217e-01 -1.79132755e+00 -5.85865511e-02\n  -3.17543094e-01 -1.63242330e+00 -6.71341546e-02  1.48935596e+00\n   5.21303748e-01  6.11927193e-01 -1.34149673e+00  4.76898369e-01\n   1.48449581e-01]\n [ 2.11679102e+00 -1.61087840e+00 -3.57680719e-02  2.38074535e+00\n   3.30576756e-01  9.49246474e-01 -1.50239657e+00 -1.77766695e+00\n  -5.32702792e-01  1.09074973e+00 -3.46249448e-01 -7.94636321e-01\n   1.97967290e-01  1.08193522e+00 -1.44494020e+00 -1.21054299e+00\n  -7.88669255e-01  1.09463837e+00  2.34821526e-01  2.13215341e+00\n   9.36445726e-01 -3.50951769e-02  1.26507784e+00  2.11497013e-01\n  -7.04921353e-01]]"}, "kwargs": {}}, "return": 0.6037501581890651}, "name": "average_precision_score"}
{"types": {"inputs": {"self": "in ground truth values, it is an empty dict", "args": {"y_true": "np.ndarray[int64]", "y_score": "np.ndarray[float64]"}, "kwargs": {"average": "str"}}, "return": "float"}, "values": {"inputs": {"self": {}, "args": {"y_true": "[[0 1 1 0 1 1 1 1 1 1 1 0 0 1 0 0 0 0 0 1 0 1 1 0 0]\n [1 1 1 1 0 1 0 1 0 1 1 0 1 1 0 0 1 0 1 1 1 1 1 0 1]\n [0 1 1 1 1 0 1 0 0 1 1 0 1 0 1 0 0 0 0 0 1 1 0 0 0]\n [1 1 0 1 0 0 1 0 1 1 1 1 1 1 0 1 1 0 0 1 0 0 1 1 0]\n [1 0 0 1 0 0 0 1 1 0 1 0 0 0 0 0 1 0 1 0 1 1 1 1 1]\n [0 1 1 1 1 0 1 1 0 0 1 0 0 0 0 1 1 0 0 1 0 1 1 1 1]\n [0 0 0 1 0 1 1 1 0 1 0 0 1 0 1 1 0 0 1 0 1 0 1 0 1]\n [0 1 0 0 0 1 0 1 0 1 0 0 0 0 0 1 0 0 1 0 0 0 1 0 0]\n [1 0 1 0 0 1 1 0 0 0 1 1 0 0 0 0 0 1 0 1 0 0 0 1 1]\n [1 0 0 1 1 1 1 0 0 0 1 1 0 1 0 0 1 0 1 1 1 1 0 0 0]\n [1 1 1 0 1 1 1 1 0 0 1 1 0 0 0 1 1 0 1 1 1 1 1 0 0]\n [0 1 0 1 0 1 1 0 0 0 1 0 0 1 1 1 1 0 1 0 0 0 0 1 1]\n [1 0 1 0 0 1 1 1 1 1 1 0 0 1 1 1 1 1 1 1 1 1 1 0 0]\n [0 0 1 1 1 0 1 1 1 1 1 1 1 0 0 0 0 1 1 0 1 0 0 1 0]\n [1 0 1 0 0 0 0 1 1 1 0 1 0 1 0 0 0 0 1 1 1 0 1 0 0]\n [1 1 1 0 1 1 0 1 0 1 1 0 0 1 1 0 1 1 1 1 1 1 0 0 1]\n [0 1 0 0 1 1 1 1 1 0 1 1 1 0 0 1 1 0 1 1 1 0 0 0 1]\n [0 0 0 0 0 0 1 1 1 0 0 1 1 1 0 1 0 1 0 1 1 1 0 1 0]\n [0 1 0 1 0 0 1 0 0 0 0 0 0 0 0 0 1 0 1 1 0 1 1 1 0]\n [0 1 1 1 1 0 1 0 1 0 0 0 0 1 1 1 1 1 0 1 0 1 0 1 0]]", "y_score": "[[-9.85510738e-01 -1.47183501e+00  1.64813493e+00  1.64227755e-01\n   5.67290278e-01 -2.22675101e-01 -3.53431749e-01 -1.61647419e+00\n  -2.91837363e-01 -7.61492212e-01  8.57923924e-01  1.14110187e+00\n   1.46657872e+00  8.52551939e-01 -5.98653937e-01 -1.11589699e+00\n   7.66663182e-01  3.56292817e-01 -1.76853845e+00  3.55481793e-01\n   8.14519822e-01  5.89255892e-02 -1.85053671e-01 -8.07648488e-01\n  -1.44653470e+00]\n [ 8.00297949e-01 -3.09114445e-01 -2.33466662e-01  1.73272119e+00\n   6.84501107e-01  3.70825001e-01  1.42061805e-01  1.51999486e+00\n   1.71958931e+00  9.29505111e-01  5.82224591e-01 -2.09460307e+00\n   1.23721914e-01 -1.30106954e-01  9.39532294e-02  9.43046087e-01\n  -2.73967717e+00 -5.69312053e-01  2.69904355e-01 -4.66845546e-01\n  -1.41690611e+00  8.68963487e-01  2.76871906e-01 -9.71104570e-01\n   3.14817205e-01]\n [ 8.21585712e-01  5.29264630e-03  8.00564803e-01  7.82601752e-02\n  -3.95228983e-01 -1.15942052e+00 -8.59307670e-02  1.94292938e-01\n   8.75832762e-01 -1.15107468e-01  4.57415606e-01 -9.64612014e-01\n  -7.82629156e-01 -1.10389299e-01 -1.05462846e+00  8.20247837e-01\n   4.63130329e-01  2.79095764e-01  3.38904125e-01  2.02104356e+00\n  -4.68864188e-01 -2.20144129e+00  1.99300197e-01 -5.06035410e-02\n  -5.17519043e-01]\n [-9.78829859e-01 -4.39189522e-01  1.81338429e-01 -5.02816701e-01\n   2.41245368e+00 -9.60504382e-01 -7.93117363e-01 -2.28862004e+00\n   2.51484415e-01 -2.01640663e+00 -5.39454633e-01 -2.75670535e-01\n  -7.09727966e-01  1.73887268e+00  9.94394391e-01  1.31913688e+00\n  -8.82418819e-01  1.12859406e+00  4.96000946e-01  7.71405949e-01\n   1.02943883e+00 -9.08763246e-01 -4.24317621e-01  8.62596011e-01\n  -2.65561909e+00]\n [ 1.51332808e+00  5.53132064e-01 -4.57039607e-02  2.20507656e-01\n  -1.02993528e+00 -3.49943365e-01  1.10028434e+00  1.29802197e+00\n   2.69622405e+00 -7.39246663e-02 -6.58552967e-01 -5.14233966e-01\n  -1.01804188e+00 -7.78547559e-02  3.82732430e-01 -3.42422805e-02\n   1.09634685e+00 -2.34215801e-01 -3.47450652e-01 -5.81268477e-01\n  -1.63263453e+00 -1.56776772e+00 -1.17915793e+00  1.30142807e+00\n   8.95260273e-01]\n [ 1.37496407e+00 -1.33221165e+00 -1.96862469e+00 -6.60056320e-01\n   1.75818953e-01  4.98690275e-01  1.04797216e+00  2.84279671e-01\n   1.74266878e+00 -2.22605681e-01 -9.13079218e-01 -1.68121822e+00\n  -8.88971358e-01  2.42117961e-01 -8.88720257e-01  9.36742464e-01\n   1.41232771e+00 -2.36958691e+00  8.64052300e-01 -2.23960406e+00\n   4.01499055e-01  1.22487056e+00  6.48561063e-02 -1.27968917e+00\n  -5.85431204e-01]\n [-2.61645446e-01 -1.82244784e-01 -2.02896841e-01 -1.09882779e-01\n   2.13480049e-01 -1.20857365e+00 -2.42019830e-01  1.51826117e+00\n  -3.84645423e-01 -4.43836093e-01  1.07819730e+00 -2.55918467e+00\n   1.18137860e+00 -6.31903758e-01  1.63928572e-01  9.63213559e-02\n   9.42468119e-01 -2.67594746e-01 -6.78025782e-01  1.29784579e+00\n  -2.36417382e+00  2.03341817e-02 -1.34792542e+00 -7.61573388e-01\n   2.01125668e+00]\n [-4.45954265e-02  1.95069697e-01 -1.78156286e+00 -7.29044659e-01\n   1.96557401e-01  3.54757693e-01  6.16886554e-01  8.62789892e-03\n   5.27004208e-01  4.53781913e-01 -1.82974041e+00  3.70057219e-02\n   7.67902408e-01  5.89879821e-01 -3.63858810e-01 -8.05626508e-01\n  -1.11831192e+00 -1.31054012e-01  1.13307988e+00 -1.95180410e+00\n  -6.59891730e-01 -1.13980246e+00  7.84957521e-01 -5.54309627e-01\n  -4.70637658e-01]\n [-2.16949570e-01  4.45393251e-01 -3.92388998e-01 -3.04614305e+00\n   5.43311891e-01  4.39042958e-01 -2.19541028e-01 -1.08403662e+00\n   3.51780111e-01  3.79235534e-01 -4.70032883e-01 -2.16731471e-01\n  -9.30156503e-01 -1.78589092e-01 -1.55042935e+00  4.17318821e-01\n  -9.44368491e-01  2.38103148e-01 -1.40596292e+00 -5.90057646e-01\n  -1.10489405e-01 -1.66069981e+00  1.15147873e-01 -3.79147563e-01\n  -1.74235620e+00]\n [-1.30324275e+00  6.05120084e-01  8.95555986e-01 -1.31908640e-01\n   4.04761812e-01  2.23843563e-01  3.29622982e-01  1.28598401e+00\n  -1.50699840e+00  6.76460732e-01 -3.82008956e-01 -2.24258934e-01\n  -3.02249730e-01 -3.75147117e-01 -1.22619619e+00  1.83339199e-01\n   1.67094303e+00 -5.61330204e-02 -1.38504274e-03 -6.87299037e-01\n  -1.17474546e-01  4.66166426e-01 -3.70242441e-01 -4.53804041e-01\n   4.03264540e-01]\n [-9.18004770e-01  2.52496627e-01  8.20321797e-01  1.35994854e+00\n  -9.03820073e-02  1.36759724e+00  1.03440989e+00 -9.96212640e-01\n  -1.21793851e+00 -3.04963638e-01  1.02893549e+00 -7.22870076e-02\n  -6.00657558e-01  1.55224318e+00  2.86904488e-01 -2.32059428e+00\n   3.17160626e-01  5.20040615e-01  2.25608654e-01  4.49712100e-01\n  -6.72756089e-02 -1.31839587e+00 -3.70704003e-01 -9.45615796e-01\n  -9.32740911e-01]\n [-1.26306835e+00  4.52489093e-01  9.78961454e-02 -4.48165363e-01\n  -6.49337928e-01 -2.34231050e-02  1.07919473e+00 -2.00421572e+00\n   3.76876521e-01 -5.45711974e-01 -1.88458584e+00 -1.94570308e+00\n  -9.12783494e-01  2.19509556e-01  3.93062934e-01 -9.38981573e-01\n   1.01702099e+00  1.42298350e+00  3.96086585e-01 -5.91402668e-01\n   1.12441918e+00  7.55395696e-01  8.67407411e-01 -6.56463675e-01\n  -2.83455451e+00]\n [ 2.11679102e+00 -1.61087840e+00 -3.57680719e-02  2.38074535e+00\n   3.30576756e-01  9.49246474e-01 -1.50239657e+00 -1.77766695e+00\n  -5.32702792e-01  1.09074973e+00 -3.46249448e-01 -7.94636321e-01\n   1.97967290e-01  1.08193522e+00 -1.44494020e+00 -1.21054299e+00\n  -7.88669255e-01  1.09463837e+00  2.34821526e-01  2.13215341e+00\n   9.36445726e-01 -3.50951769e-02  1.26507784e+00  2.11497013e-01\n  -7.04921353e-01]\n [ 6.79974844e-01 -6.96326654e-01 -2.90397101e-01  1.32778270e+00\n  -1.01281486e-01 -8.03141387e-01 -4.64337691e-01  1.02179059e+00\n  -5.52540673e-01 -3.86870847e-01 -5.10292740e-01  1.83925494e-01\n  -3.85489760e-01 -1.60183605e+00 -8.87180942e-01 -9.32789042e-01\n   1.24331938e+00  8.12674042e-01  5.87259379e-01 -5.05358317e-01\n  -8.15791542e-01 -5.07517602e-01 -1.05188010e+00  2.49720039e+00\n  -2.24532165e+00]\n [ 5.64008535e-01 -1.28455230e+00 -1.04343491e-01 -9.88001942e-01\n  -1.17762896e+00 -1.14019630e+00  1.75498615e+00 -1.32988422e-01\n  -7.65702194e-01  5.55786964e-01  1.03493146e-02  7.20033759e-01\n  -1.82425666e+00  3.03603904e-01  7.72694837e-01 -1.66159829e+00\n   4.48195284e-01  1.69618157e+00 -1.48577034e-02  8.21405937e-01\n   6.70570450e-01 -7.07505698e-01  3.97667346e-02 -1.56699471e+00\n  -4.51303037e-01]\n [ 2.65687975e-01  7.23100494e-01  2.46121252e-02  7.19983730e-01\n  -1.10290621e+00 -1.01697275e-01  1.92793845e-02  1.84959125e+00\n  -2.14166656e-01 -4.99016638e-01  2.13512238e-02 -9.19113445e-01\n   1.92753849e-01 -3.65055217e-01 -1.79132755e+00 -5.85865511e-02\n  -3.17543094e-01 -1.63242330e+00 -6.71341546e-02  1.48935596e+00\n   5.21303748e-01  6.11927193e-01 -1.34149673e+00  4.76898369e-01\n   1.48449581e-01]\n [ 5.29045238e-01  4.22628622e-01 -1.35978073e+00 -4.14008116e-02\n  -7.57870860e-01 -5.00840943e-02 -8.97400927e-01  1.31247037e+00\n  -8.58972388e-01 -8.98942156e-01  7.45864065e-02 -1.07709907e+00\n  -4.24663302e-01 -8.29964598e-01  1.41117206e+00  7.85803827e-01\n  -5.74695185e-02 -3.91217052e-01  9.40917615e-01  4.05204080e-01\n   4.98052405e-01 -2.61922373e-02 -1.68823003e+00 -1.12465983e-01\n  -5.32489919e-01]\n [ 6.45055273e-01  1.01184243e+00 -6.57951045e-01  4.68385234e-01\n   1.73587900e+00 -6.67712721e-01  1.68192174e+00 -8.52585847e-01\n   2.29597556e-02 -1.11456118e-02  1.14988999e-02 -8.37678042e-01\n  -5.91183104e-01 -6.67720286e-01  3.26962595e-01  3.30035115e-01\n   2.22594433e+00  1.37098901e+00 -5.09843242e-01  3.24869616e-01\n   9.97117981e-01  3.06018243e-02 -6.96415784e-02  5.15749428e-02\n   8.67276629e-01]\n [-8.48320523e-01 -3.25669469e-01  4.70433145e-01  3.11447072e-01\n   2.39582760e-01 -3.69801166e-01  9.72535789e-01  2.13386825e+00\n   4.06415494e-01 -1.93176702e-01  7.55740289e-01 -5.39132637e-01\n  -7.49690345e-01  3.28087476e-02 -2.58279663e+00 -1.15395036e+00\n  -3.47961856e-01 -1.35338886e+00 -1.03264310e+00 -4.36748337e-01\n  -1.64296529e+00 -4.06071796e-01 -5.35270165e-01  2.54052084e-02\n   1.15418403e+00]\n [ 1.72504416e-01  2.10620213e-02  9.94544570e-02  2.27392775e-01\n  -1.01673865e+00 -1.14775325e-01  3.08751242e-01 -1.37075998e+00\n   8.65652923e-01  1.08137603e+00 -6.31375988e-01 -2.41337791e-01\n  -8.78190343e-01  6.99380484e-01 -1.06122229e+00 -2.22477010e-01\n  -8.58919908e-01  5.09542770e-02 -1.79422927e+00  1.32646164e+00\n  -9.64606424e-01  5.98946831e-02 -2.12523045e-01 -7.62114512e-01\n  -8.87780137e-01]]"}, "kwargs": {"average": "samples"}}, "return": 0.5966262959202316}, "name": "average_precision_score"}
