You are given a Python function named `make_numbered_dir` which takes two parameters: `root` and `prefix`. The function's purpose is to create a new directory within the specified `root` directory, using a numbered naming pattern based on the provided `prefix`. The function tries to create a numbered subdirectory by checking the existing directories with the same `prefix` and incrementing the number to create a new unique directory.

The logic of the function works as follows:
1. It starts a loop that runs 10 times, attempting to create a new directory.
2. For each iteration:
   - It finds all existing directories with the given `prefix`.
   - Extracts numeric suffixes from these directories.
   - Computes the maximum numeric suffix among the existing directories.
   - Increments the maximum suffix by 1 to generate a new suffix.
   - Constructs a new path using the `prefix` and the new suffix.
   - Attempts to create the directory. If successful, a symlink is created pointing to the new directory, and the function returns the path.
3. If after 10 tries the function is unable to create a directory, it raises an `EnvironmentError`.

Given the inputs and based on the provided execution trace:
- The `root` is `Path("/tmp/pytest-of-root/pytest-0/test_mktemp0")`.
- The `prefix` is `"world"`.

The function first looks for existing directories named `worldX` where X is a number. Initially, there are no existing directories, so it tries to create `world0`. Assuming no exceptions are raised during the `mkdir` operation, the new directory `world0` is successfully created, and the function returns the path to this directory.

The output of the function will be the path to the newly created directory, `world0`, within the specified `root` directory.



[ANSWER]
assert _call_llm("...\\n    \"kwargs\": {}\\n}\\n```\n[/INPUT]\n\n[STRUCTURE]...", ">>> ") == '{"output": [[1.8557503e+00, 8.8994110e-01, 1.4222328e+00, 1.9842698e+00, 1.4984769e+00, 1.6246909e+00, 4.3269520e-01, 2.8851250e-02, 6.2282440e-01, 1.1494500e+00], [8.8994110e-01, 1.8001795e+00, 8.8277630e-01, 1.2117757e+00, 1.1682475e+00, 1.1853400e+00, 5.7573730e-01, 1.4089793e-01, 7.1610130e-01, 1.4484884e+00], [1.4222328e+00, 8.8277630e-01, 2.6960709e+00, 1.4856621e+00, 2.2666193e+00, 1.8432677e+00, 7.0224995e-01, 1.7965522e-01, 1.1929388e+00, 1.8574061e+00], [1.9842698e+00, 1.2117757e+00, 1.4856621e+00, 4.6000951e+00, 2.3352667e+00, 1.7017604e+00, 9.8360870e-01, 1.3298075e-01, 1.3614385e+00, 3.3927839e+00], [1.4984769e+00, 1.1682475e+00, 2.2666193e+00, 2.3352667e+00, 2.9394285e+00, 1.3893586e+00, 4.8000630e-01, 1.5171792e-01, 1.9879009e+00, 3.3128715e+00], [1.6246909e+00, 1.1853400e+00, 1.8432677e+00, 1.7017604e+00, 1.3893586e+00, 1.8176573e+00, 4.3559870e-01, 1.2951968e-01, 1.3019115e+00, 1.9850578e+00], [4.3269520e-01, 5.7573730e-01, 7.0224995e-01, 9.8360870e-01, 4.8000630e-01, 4.3559870e-01, 6.2526057e-01, 1.5589664e-01, 3.6037950e-01, 6.7545070e-01], [2.8851250e-02, 1.4089793e-01, 1.7965522e-01, 1.3298075e-01, 1.5171792e-01, 1.2951968e-01, 1.5589664e-01, 3.5132310e-02, 1.4256249e-01, 1.6483070e-01], [6.2282440e-01, 7.1610130e-01, 1.1929388e+00, 1.3614385e+00, 1.9879009e+00, 1.3019115e+00, 3.6037950e-01, 1.4256249e-01, 2.5866050e+00, 2.8523790e+00], [1.1494500e+00, 1.4484884e+00, 1.8574061e+00, 3.3927839e+00, 3.3128715e+00, 1.9850578e+00, 6.7545070e-01, 1.6483070e-01, 2.8523790e+00, 4.4905277e+00]]}'
[/ANSWER]