[THOUGHT]
The `_fit_transform` method of the KernelPCA class centers the input kernel matrix `K` using a `KernelCenterer`, then performs eigenvalue decomposition using the ARPACK solver (as specified by `eigen_solver='arpack'`) to compute eigenvalues (`lambdas_`) and eigenvectors (`alphas_`), and finally returns the centered kernel matrix. Given the input, `self.n_components=4`, so the method computes the 4 largest eigenvalues and corresponding eigenvectors of the centered matrix. However, the method returns the centered kernel matrix `K` after centering, not the eigenvalues or eigenvectors. The centering is done by `self._centerer.fit_transform(K)`, which subtracts row and column means to make the kernel matrix have zero mean. Using the provided `K` (a 5x5 matrix), the centered kernel matrix is computed as described. The eigenvalue decomposition does not affect the returned value. The centered kernel matrix is symmetric and should have zero mean (up to numerical precision). The computed centered matrix is as follows:

[[ 0.0081407008, -0.0231145092,  0.0347116408, -0.0051464402, -0.0145913912],
 [-0.0231145092,  0.1137125308, -0.0622351492, -0.1243502912,  0.0949674188],
 [ 0.0347116408, -0.0622351492,  0.3794012508, -0.1335570612, -0.2183206822],
 [-0.0051464402, -0.1243502912, -0.1335570612,  0.5184800368, -1.2554272442],
 [-0.0145913912,  0.0949674188, -0.2183206822, -1.2554272442,  0.3923508968]]

This is the output of `_fit_transform`.
[/THOUGHT]

[OUTPUT]
{
    "K_centered": [
        [0.0081407008, -0.0231145092, 0.0347116408, -0.0051464402, -0.0145913912],
        [-0.0231145092, 0.1137125308, -0.0622351492, -0.1243502912, 0.0949674188],
        [0.0347116408, -0.0622351492, 0.3794012508, -0.1335570612, -0.2183206822],
        [-0.0051464402, -0.1243502912, -0.1335570612, 0.5184800368, -1.2554272442],
        [-0.0145913912, 0.0949674188, -0.2183206822, -1.2554272442, 0.3923508968]
    ]
}
[/OUTPUT]